64
TTT   0.564
TTA   0.641
TTC   0.374
TTG   0.350
TAT   0.477
TAA   0.203
TAC   0.128
TAG   0.119
TCT   0.161
TCA   0.517
TCC   0.609
TCG   0.786
TGT   0.476
TGA   0.288
TGC   0.610
TGG   0.252
ATT   0.649
ATA   0.491
ATC   0.017
ATG   0.157
AAT   0.665
AAA   0.691
AAC   0.032
AAG   0.451
ACT   0.342
ACA   0.448
ACC   0.451
ACG   0.685
AGT   0.264
AGA   0.093
AGC   0.370
AGG   0.120
CTT   0.442
CTA   0.515
CTC   0.574
CTG   0.619
CAT   0.190
CAA   0.448
CAC   0.590
CAG   0.275
CCT   0.146
CCA   0.250
CCC   0.756
CCG   0.850
CGT   0.509
CGA   0.745
CGC   0.750
CGG   0.860
GTT   0.394
GTA   0.435
GTC   0.480
GTG   0.632
GAT   0.577
GAA   0.367
GAC   0.365
GAG   0.142
GCT   0.523
GCA   0.425
GCC   0.645
GCG   0.720
GGT   0.352
GGA   0.096
GGC   0.576
GGG   0.370
-------------------------------------------------------------------
         F         L         Y         S         C         W         I         M         N         K         T         R         H         Q         P         V         D         E         A         G         
20
F   0.33206   0.23340   0.34375   0.36564   0.34694   0.54464   0.62264   0.23077   0.52400   0.77358   0.35580   0.12088   0.21429   0.29293   0.57639   0.33206   0.73585   0.69268   0.32342   0.08943
L   0.14751   0.06790   0.03846   0.20219   0.42322   0.35119   0.47538   0.25103   0.62083   0.76196   0.21726   0.49883   0.43796   0.11411   0.20919   0.08734   0.55576   0.41026   0.26623   0.02539
Y   0.38991   0.34921   0.49162   0.05485   0.22222   0.22222   0.35878   0.45556   0.71101   0.58602   0.12169   0.46891   0.02857   0.73978   0.17969   0.11715   0.54040   0.20870   0.05208   0.03750
S   0.23177   0.19370   0.35600   0.55273   0.37828   0.14286   0.48671   0.37109   0.39623   0.54687   0.20334   0.65831   0.56584   0.08738   0.65147   0.27089   0.02500   0.16718   0.16066   0.26289
C   0.31373   0.26267   0.61654   0.49822   0.79911   0.46939   0.37594   0.79365   0.54082   0.33043   0.72294   0.84211   0.42857   0.72857   0.52174   0.68323   0.33766   0.62185   0.69312   0.71429
W   0.70000   0.05143   0.57831   0.37594   0.61224   0.85714   0.03922   0.08163   0.08163   0.25410   0.05208   0.60544   0.22222   0.17143   0.95238   0.63810   0.49206   0.01563   0.71429   0.09091
I   0.21600   0.34465   0.43243   0.17773   0.40714   0.49398   0.53704   0.28906   0.59375   0.86927   0.52354   0.09766   0.03922   0.20870   0.14504   0.24148   0.63542   0.74479   0.55126   0.33412
M   0.35461   0.36923   0.26866   0.06538   0.83036   0.19643   0.22936   0.39130   0.69375   0.34375   0.30233   0.17619   0.73469   0.45251   0.02151   0.24535   0.42623   0.31373   0.13245   0.04762
N   0.78125   0.57916   0.22727   0.09309   0.29670   0.58824   0.55814   0.38235   0.64151   0.70025   0.16563   0.01587   0.19328   0.68182   0.33745   0.20598   0.48047   0.64557   0.41341   0.50781
K   0.86000   0.53320   0.57143   0.60766   0.06667   0.63636   0.69375   0.64646   0.65261   0.73724   0.62667   0.26777   0.62048   0.67442   0.47207   0.51875   0.69048   0.64557   0.71765   0.51852
T   0.22159   0.20270   0.22222   0.33245   0.62946   0.24370   0.57804   0.13636   0.16964   0.69680   0.32759   0.66417   0.41897   0.21933   0.57218   0.21492   0.41455   0.19174   0.42213   0.12000
R   0.18248   0.21918   0.44582   0.64246   0.86068   0.56522   0.04422   0.59821   0.44444   0.43396   0.60896   0.88317   0.78261   0.31013   0.66667   0.47007   0.59494   0.60518   0.48812   0.71494
H   0.10784   0.16279   0.19792   0.24224   0.46939   0.54762   0.27381   0.54286   0.38235   0.19672   0.65517   0.60615   0.35714   0.00746   0.82213   0.62069   0.70408   0.53968   0.60248   0.55474
Q   0.47761   0.49321   0.12500   0.54261   0.77381   0.63793   0.21875   0.70482   0.18182   0.52381   0.29927   0.55181   0.48447   0.21739   0.59684   0.27215   0.08696   0.36364   0.39385   0.43893
P   0.11715   0.19145   0.19672   0.35926   0.39286   0.69841   0.38550   0.62185   0.34375   0.20089   0.55765   0.83971   0.59833   0.70711   0.75032   0.42192   0.25843   0.43796   0.63695   0.70909
V   0.08280   0.19479   0.34375   0.08763   0.66667   0.39048   0.43478   0.13492   0.22832   0.47837   0.36318   0.48119   0.47959   0.36154   0.41139   0.30106   0.10694   0.24359   0.18910   0.25704
D   0.53909   0.30095   0.78125   0.12945   0.15517   0.31373   0.49237   0.32530   0.53516   0.67187   0.28767   0.21739   0.15306   0.05208   0.77232   0.01187   0.45340   0.11411   0.00633   0.32099
E   0.58257   0.47602   0.56250   0.49709   0.85714   0.60000   0.49422   0.16418   0.47557   0.60767   0.06962   0.29024   0.15385   0.32342   0.40179   0.33237   0.08756   0.41736   0.15234   0.20952
A   0.30925   0.15900   0.16667   0.22115   0.37755   0.70408   0.33757   0.51908   0.54182   0.67472   0.37117   0.47589   0.54082   0.13580   0.44000   0.33476   0.19792   0.24148   0.51120   0.00190
G   0.34375   0.00168   0.32258   0.38783   0.83069   0.28571   0.56497   0.43125   0.55556   0.51521   0.22340   0.69576   0.46429   0.26957   0.92442   0.25847   0.11186   0.36949   0.13861   0.52770