64
TTT   0.160
TTA   0.308
TTC   0.412
TTG   0.175
TAT   0.228
TAA   0.179
TAC   0.198
TAG   0.018
TCT   0.099
TCA   0.039
TCC   0.268
TCG   0.216
TGT   0.068
TGA   0.255
TGC   0.313
TGG   0.098
ATT   0.182
ATA   0.144
ATC   0.331
ATG   0.136
AAT   0.046
AAA   0.190
AAC   0.255
AAG   0.060
ACT   0.226
ACA   0.043
ACC   0.509
ACG   0.089
AGT   0.057
AGA   0.018
AGC   0.004
AGG   0.476
CTT   0.122
CTA   0.024
CTC   0.515
CTG   0.325
CAT   0.203
CAA   0.098
CAC   0.413
CAG   0.343
CCT   0.191
CCA   0.371
CCC   0.486
CCG   0.008
CGT   0.107
CGA   0.153
CGC   0.194
CGG   0.606
GTT   0.045
GTA   0.064
GTC   0.236
GTG   0.473
GAT   0.278
GAA   0.445
GAC   0.287
GAG   0.299
GCT   0.099
GCA   0.154
GCC   0.438
GCG   0.057
GGT   0.236
GGA   0.196
GGC   0.089
GGG   0.486
-------------------------------------------------------------------
         F         L         Y         S         C         W         I         M         N         K         T         R         H         Q         P         V         D         E         A         G         
20
F   0.20846   0.04303   0.13125   0.10099   0.27083   0.16393   0.22547   0.27083   0.00794   0.09291   0.17790   0.13125   0.20779   0.38384   0.00000   0.02963   0.27224   0.12766   0.32750   0.10714
L   0.10311   0.00388   0.49597   0.06776   0.49351   0.37356   0.23107   0.17695   0.03226   0.13129   0.04681   0.28904   0.06667   0.15051   0.30261   0.09914   0.23978   0.26415   0.19338   0.18036
Y   0.24042   0.03571   0.10500   0.09195   0.26230   0.62222   0.29947   0.42222   0.32298   0.26190   0.42160   0.23415   0.14706   0.35316   0.18750   0.09005   0.07576   0.59930   0.27604   0.23445
S   0.04000   0.12128   0.07407   0.17891   0.10843   0.13333   0.04485   0.35547   0.09291   0.20848   0.08762   0.24042   0.00000   0.10638   0.22785   0.12253   0.12821   0.20882   0.08079   0.16537
C   0.49020   0.45625   0.16393   0.07092   0.42222   0.65385   0.04598   0.23529   0.26230   0.16522   0.04688   0.27143   0.45313   0.72857   0.32468   0.34615   0.49020   0.42222   0.04918   0.25641
W   0.10256   0.04598   0.20192   0.43919   0.10526   0.23529   0.23529   0.80000   0.69595   0.28689   0.36458   0.10345   0.22222   0.33333   0.64706   0.13636   0.38462   0.04688   0.26923   0.20779
I   0.33155   0.13255   0.13814   0.09541   0.13542   0.26506   0.33216   0.04688   0.01104   0.14390   0.08919   0.01916   0.31373   0.01739   0.10305   0.15789   0.20208   0.34134   0.25378   0.23697
M   0.07092   0.30769   0.08955   0.17695   0.52632   0.42222   0.35882   0.85217   0.26606   0.38658   0.30565   0.59538   0.00000   0.26816   0.58065   0.41636   0.21311   0.35032   0.06093   0.35000
N   0.02679   0.02204   0.23000   0.30480   0.18750   0.41379   0.24750   0.31373   0.39084   0.25235   0.21760   0.20851   0.09375   0.18852   0.32099   0.09063   0.24706   0.36631   0.17701   0.25292
K   0.15541   0.42921   0.51803   0.13876   0.20354   0.44604   0.17667   0.15745   0.17418   0.16854   0.08696   0.11374   0.21084   0.17760   0.41620   0.03958   0.26500   0.36716   0.03722   0.23790
T   0.08523   0.17547   0.10288   0.16913   0.26506   0.06250   0.20926   0.14935   0.51436   0.08919   0.33100   0.06771   0.70068   0.12639   0.22364   0.22735   0.09836   0.29228   0.05793   0.05966
R   0.41518   0.23684   0.17890   0.21875   0.13462   0.87143   0.25850   0.22222   0.31915   0.13115   0.18229   0.29570   0.22222   0.11927   0.37349   0.56478   0.13514   0.36458   0.18987   0.40800
H   0.01923   0.45486   0.27083   0.42623   0.40909   0.45714   0.50000   0.71875   0.22137   0.14754   0.12857   0.81560   1.00000   0.35075   0.62222   0.20779   0.10345   0.10345   0.17949   0.00000
Q   0.03597   0.19231   0.35000   0.15909   0.45714   0.25641   0.18304   0.57831   0.36885   0.02381   0.15044   0.29480   0.15663   0.12121   0.16393   0.02128   0.33908   0.09174   0.22067   0.06870
P   0.09005   0.03526   0.42623   0.32081   0.14706   0.07895   0.23664   0.48276   0.08134   0.20796   0.21852   0.44037   0.90625   0.12857   0.47475   0.29858   0.38384   0.32468   0.14286   0.63542
V   0.05136   0.18667   0.08197   0.12808   0.20779   0.04688   0.28502   0.26351   0.29480   0.17624   0.11724   0.06870   0.23529   0.05422   0.20430   0.29723   0.04335   0.00510   0.34585   0.07109
D   0.20328   0.02989   0.24306   0.02974   0.04918   0.01923   0.37321   0.15663   0.18211   0.11724   0.04700   0.07576   0.57831   0.54167   0.63309   0.06006   0.40806   0.06006   0.52866   0.56996
E   0.16475   0.33294   0.23810   0.52732   0.50000   0.10256   0.31485   0.18788   0.21684   0.39138   0.28117   0.18959   0.19792   0.11803   0.46825   0.07487   0.29032   0.33958   0.05185   0.10843
A   0.17052   0.15063   0.19512   0.21193   0.42623   0.63057   0.08348   0.16794   0.34211   0.06435   0.06585   0.20000   0.13333   0.17695   0.49554   0.02998   0.36458   0.03825   0.85417   0.32000
G   0.28409   0.12269   0.37162   0.08094   0.08571   0.03333   0.32768   0.56250   0.19312   0.05556   0.28493   0.41350   0.32222   0.20435   0.34615   0.08168   0.03817   0.50267   0.31954   0.07542