64
TTT   0.104
TTA   0.160
TTC   0.274
TTG   0.038
TAT   0.298
TAA   0.026
TAC   0.357
TAG   0.143
TCT   0.262
TCA   0.208
TCC   0.538
TCG   0.467
TGT   0.634
TGA   0.130
TGC   0.318
TGG   0.404
ATT   0.084
ATA   0.494
ATC   0.371
ATG   0.239
AAT   0.316
AAA   0.265
AAC   0.154
AAG   0.394
ACT   0.161
ACA   0.241
ACC   0.382
ACG   0.123
AGT   0.128
AGA   0.376
AGC   0.580
AGG   0.096
CTT   0.327
CTA   0.224
CTC   0.418
CTG   0.105
CAT   0.524
CAA   0.510
CAC   0.409
CAG   0.522
CCT   0.205
CCA   0.143
CCC   0.532
CCG   0.239
CGT   0.067
CGA   0.041
CGC   0.529
CGG   0.459
GTT   0.253
GTA   0.062
GTC   0.095
GTG   0.518
GAT   0.403
GAA   0.394
GAC   0.256
GAG   0.173
GCT   0.579
GCA   0.515
GCC   0.160
GCG   0.069
GGT   0.426
GGA   0.168
GGC   0.639
GGG   0.427
-------------------------------------------------------------------
         F         L         Y         S         C         W         I         M         N         K         T         R         H         Q         P         V         D         E         A         G         
20
F   0.55891   0.10623   0.53821   0.18812   0.40678   0.55738   0.01044   0.25000   0.41121   0.08802   0.13443   0.41350   0.25610   0.32787   0.10949   0.17683   0.04255   0.61277   0.56750   0.00000
L   0.11479   0.11236   0.25414   0.00350   0.68293   0.37356   0.02480   0.47781   0.00998   0.33260   0.18582   0.25246   0.52312   0.30357   0.00575   0.07040   0.22538   0.40652   0.37110   0.31051
Y   0.08014   0.24470   0.42197   0.48824   0.73246   0.63043   0.29167   0.62044   0.21463   0.38537   0.21154   0.50784   0.20183   0.32184   0.54386   0.53171   0.30682   0.30314   0.23626   0.25887
S   0.13793   0.05000   0.35561   0.09650   0.14451   0.88462   0.31384   0.32927   0.13713   0.22792   0.27970   0.01742   0.32967   0.53175   0.44207   0.09756   0.06593   0.11471   0.59066   0.27432
C   0.55932   0.65882   0.58219   0.28022   0.27778   0.75000   0.71935   0.73438   0.64740   0.29927   0.66484   0.35780   0.67890   0.08571   0.36585   0.65789   0.79688   0.64384   0.25610   0.52439
W   0.53846   0.63218   0.21154   0.44595   0.47059   1.00000   0.46575   0.50000   0.62838   0.58621   0.04688   0.05455   0.48571   0.68966   1.00000   0.04348   0.48077   0.55738   0.48077   0.70492
I   0.00267   0.30996   0.28429   0.40795   0.69032   0.47541   0.45941   0.48523   0.45356   0.08721   0.07890   0.34913   0.75945   0.00877   0.26332   0.37982   0.46056   0.18696   0.05631   0.13673
M   0.48627   0.17683   0.50407   0.52267   0.95055   0.03704   0.08824   0.87591   0.04386   0.41853   0.04566   0.63351   0.52727   0.86260   0.14286   0.28311   0.60976   0.04268   0.21505   0.32903
N   0.22695   0.01025   0.35484   0.12526   0.66452   0.04396   0.56943   0.61538   0.64577   0.02260   0.10110   0.16667   0.52198   0.59016   0.35294   0.21002   0.34489   0.17112   0.41379   0.45136
K   0.12166   0.23857   0.34267   0.24074   0.27097   0.53957   0.06346   0.41702   0.05973   0.54557   0.36696   0.17112   0.31414   0.75137   0.25837   0.30803   0.04250   0.61148   0.74919   0.63306
T   0.15217   0.19410   0.20147   0.28243   0.72146   0.14583   0.36763   0.52015   0.09661   0.32762   0.10031   0.27273   0.65625   0.72766   0.50479   0.18391   0.30206   0.48643   0.53743   0.22961
R   0.53546   0.03678   0.31661   0.24242   0.55932   0.85938   0.35312   0.72656   0.26332   0.48712   0.04268   0.53546   0.63351   0.57292   0.18750   0.34500   0.29187   0.52604   0.33333   0.13514
H   0.39884   0.42491   0.63351   0.63351   0.51648   0.74286   0.79038   0.89024   0.10274   0.24088   0.66484   0.82192   1.00000   0.36782   0.86719   0.60645   0.36585   0.18750   0.29487   0.10949
Q   0.07914   0.36134   0.32903   0.41554   0.23913   0.76923   0.30055   0.21429   0.51639   0.55401   0.79646   0.25410   0.23077   0.68391   0.70492   0.84681   0.63218   0.66514   0.83513   0.73770
P   0.28646   0.09661   0.48905   0.10985   0.26437   0.22857   0.40653   0.13000   0.11814   0.35398   0.15556   0.48305   0.91743   0.40984   0.50239   0.26000   0.10656   0.39884   0.57292   0.36364
V   0.17456   0.33072   0.18937   0.23810   0.62805   0.85246   0.25000   0.07432   0.47414   0.08119   0.37241   0.06557   0.39063   0.36306   0.09756   0.14939   0.17456   0.00000   0.33837   0.53571
D   0.22295   0.05747   0.40110   0.39019   0.39000   0.05455   0.52174   0.30000   0.32543   0.22529   0.09661   0.08500   0.61538   0.39726   0.10323   0.09538   0.56238   0.09904   0.29187   0.04306
E   0.12644   0.49289   0.27168   0.05464   0.64384   0.53846   0.26139   0.22424   0.32653   0.62478   0.19804   0.24771   0.04000   0.70164   0.71032   0.44118   0.21505   0.48712   0.56296   0.01351
A   0.62021   0.49097   0.22424   0.31070   0.40678   0.70701   0.06139   0.50000   0.38995   0.58783   0.54830   0.54500   0.06410   0.63500   0.19469   0.37748   0.35519   0.65027   0.52055   0.66947
G   0.27778   0.38889   0.04516   0.28721   0.67890   0.68966   0.12927   0.14634   0.07541   0.58046   0.02299   0.04795   0.52344   0.69945   0.81319   0.47682   0.24206   0.46524   0.78378   0.33837