64
TTT   0.355
TTA   0.559
TTC   0.405
TTG   0.123
TAT   0.467
TAA   0.266
TAC   0.135
TAG   0.017
TCT   0.084
TCA   0.431
TCC   0.617
TCG   0.540
TGT   0.433
TGA   0.083
TGC   0.578
TGG   0.215
ATT   0.431
ATA   0.438
ATC   0.068
ATG   0.065
AAT   0.466
AAA   0.498
AAC   0.036
AAG   0.313
ACT   0.045
ACA   0.443
ACC   0.384
ACG   0.242
AGT   0.122
AGA   0.231
AGC   0.249
AGG   0.222
CTT   0.114
CTA   0.359
CTC   0.424
CTG   0.585
CAT   0.193
CAA   0.174
CAC   0.483
CAG   0.277
CCT   0.463
CCA   0.018
CCC   0.767
CCG   0.688
CGT   0.177
CGA   0.637
CGC   0.679
CGG   0.677
GTT   0.423
GTA   0.249
GTC   0.265
GTG   0.515
GAT   0.462
GAA   0.046
GAC   0.228
GAG   0.037
GCT   0.365
GCA   0.286
GCC   0.577
GCG   0.551
GGT   0.391
GGA   0.284
GGC   0.379
GGG   0.174
-------------------------------------------------------------------
         F         L         Y         S         C         W         I         M         N         K         T         R         H         Q         P         V         D         E         A         G         
20
F   0.11186   0.07341   0.11111   0.14317   0.12727   0.40000   0.43396   0.26316   0.28000   0.47439   0.33962   0.34694   0.40769   0.03415   0.46957   0.27481   0.47439   0.46341   0.18216   0.15179
L   0.09111   0.02552   0.05660   0.17049   0.39608   0.31875   0.23769   0.02800   0.35625   0.45340   0.07143   0.36350   0.47797   0.09756   0.32476   0.05572   0.28625   0.07543   0.10728   0.05671
Y   0.28899   0.18254   0.60894   0.17722   0.52632   0.22222   0.61832   0.27778   0.58716   0.22043   0.10270   0.04878   0.18400   0.53532   0.08571   0.45498   0.24242   0.14815   0.03646   0.09375
S   0.18229   0.01549   0.16000   0.43213   0.34902   0.37931   0.32890   0.33594   0.25876   0.26562   0.03048   0.67414   0.44545   0.25594   0.55618   0.02372   0.47436   0.10333   0.09220   0.27165
C   0.02857   0.44828   0.40000   0.34419   0.71875   0.65333   0.51176   0.84706   0.65385   0.08696   0.57333   0.67097   0.36000   0.80000   0.48667   0.63571   0.51429   0.43750   0.67778   0.70256
W   0.28571   0.02353   0.51807   0.44667   0.05000   0.56667   0.41176   0.22222   0.43750   0.22131   0.12727   0.55385   0.44444   0.27500   0.92500   0.68333   0.36000   0.39048   0.55294   0.23000
I   0.09091   0.15280   0.57958   0.23047   0.30833   0.72892   0.16931   0.06250   0.55357   0.61800   0.49153   0.05185   0.27143   0.26087   0.20365   0.07955   0.72917   0.60938   0.39664   0.44313
M   0.36170   0.05385   0.40299   0.04706   0.76250   0.11111   0.38073   0.34783   0.50000   0.34896   0.33555   0.29388   0.83750   0.00556   0.13488   0.33086   0.09836   0.27143   0.08070   0.03030
N   0.15472   0.33066   0.09412   0.15916   0.06250   0.40000   0.31894   0.32000   0.51482   0.71033   0.28125   0.07000   0.04000   0.41919   0.02800   0.33555   0.51172   0.40928   0.39944   0.38802
K   0.38000   0.27930   0.21769   0.52951   0.18182   0.22078   0.46875   0.41919   0.54094   0.54354   0.50476   0.25592   0.27711   0.43522   0.28771   0.45833   0.40476   0.48312   0.68067   0.40476
T   0.16193   0.12086   0.23868   0.04348   0.62273   0.30769   0.54545   0.25325   0.22043   0.59510   0.06536   0.59226   0.10909   0.16357   0.41304   0.22025   0.30909   0.20354   0.15352   0.12871
R   0.13846   0.17271   0.13408   0.58306   0.79545   0.39130   0.16667   0.66667   0.45763   0.08625   0.58170   0.76574   0.64000   0.29450   0.59413   0.26406   0.41818   0.59333   0.58711   0.46695
H   0.36250   0.04514   0.42708   0.59333   0.72632   0.62000   0.06154   0.37500   0.16667   0.05738   0.33333   0.40000   0.22222   0.06716   0.82000   0.56000   0.31765   0.42000   0.70233   0.37436
Q   0.29104   0.06335   0.46875   0.12216   0.77647   0.05172   0.17411   0.51807   0.15584   0.23469   0.38854   0.41356   0.40714   0.22353   0.66447   0.08000   0.34286   0.07907   0.31564   0.14122
P   0.17255   0.24237   0.18667   0.34594   0.36250   0.62000   0.13816   0.67857   0.12727   0.16744   0.51382   0.77935   0.28889   0.74545   0.67488   0.53524   0.35922   0.53191   0.50111   0.75000
V   0.15605   0.12354   0.02609   0.07491   0.38400   0.41818   0.51691   0.41081   0.26301   0.39904   0.12528   0.31771   0.15000   0.48765   0.57143   0.01733   0.12139   0.24359   0.19170   0.30095
D   0.38272   0.06635   0.53125   0.07241   0.38947   0.21538   0.33206   0.20952   0.37500   0.67448   0.49315   0.26667   0.07778   0.11458   0.82712   0.33934   0.63476   0.21922   0.21975   0.50617
E   0.38073   0.24689   0.42708   0.24783   0.87619   0.42857   0.46532   0.36567   0.29967   0.26254   0.08163   0.19461   0.23000   0.23792   0.36190   0.03468   0.32881   0.42331   0.29670   0.38519
A   0.29191   0.03905   0.12195   0.20197   0.46957   0.49565   0.36661   0.44656   0.07273   0.60037   0.03302   0.51830   0.43750   0.09465   0.46539   0.18641   0.35764   0.20455   0.35047   0.04000
G   0.26136   0.12773   0.22043   0.37030   0.83158   0.00000   0.38983   0.15625   0.41799   0.52333   0.00274   0.48922   0.60000   0.06522   0.89804   0.04087   0.14122   0.33571   0.03118   0.38699