64
TTT   0.412
TTA   0.462
TTC   0.619
TTG   0.047
TAT   0.044
TAA   0.077
TAC   0.324
TAG   0.221
TCT   0.049
TCA   0.112
TCC   0.456
TCG   0.631
TGT   0.394
TGA   0.384
TGC   0.226
TGG   0.232
ATT   0.256
ATA   0.086
ATC   0.352
ATG   0.081
AAT   0.226
AAA   0.386
AAC   0.194
AAG   0.035
ACT   0.361
ACA   0.356
ACC   0.180
ACG   0.488
AGT   0.382
AGA   0.122
AGC   0.103
AGG   0.007
CTT   0.094
CTA   0.696
CTC   0.303
CTG   0.552
CAT   0.308
CAA   0.196
CAC   0.216
CAG   0.126
CCT   0.229
CCA   0.049
CCC   0.543
CCG   0.598
CGT   0.477
CGA   0.615
CGC   0.587
CGG   0.619
GTT   0.141
GTA   0.425
GTC   0.369
GTG   0.333
GAT   0.155
GAA   0.198
GAC   0.151
GAG   0.223
GCT   0.533
GCA   0.394
GCC   0.411
GCG   0.487
GGT   0.286
GGA   0.134
GGC   0.219
GGG   0.260
-------------------------------------------------------------------
         F         L         Y         S         C         W         I         M         N         K         T         R         H         Q         P         V         D         E         A         G         
20
F   0.22137   0.25268   0.06250   0.23128   0.25000   0.15000   0.07940   0.44444   0.23077   0.09164   0.35040   0.50769   0.35833   0.00000   0.52896   0.29759   0.30189   0.12766   0.14058   0.28435
L   0.04158   0.15422   0.01186   0.11913   0.17204   0.06422   0.05093   0.08230   0.07157   0.28841   0.22173   0.30016   0.11494   0.20420   0.24048   0.07794   0.20632   0.01865   0.33907   0.13518
Y   0.36697   0.46032   0.43017   0.08439   0.25000   0.42308   0.38168   0.00000   0.25688   0.12903   0.16867   0.12766   0.05882   0.59851   0.31183   0.02765   0.36364   0.38172   0.05882   0.23810
S   0.01302   0.01695   0.06000   0.17560   0.01190   0.46429   0.05495   0.17969   0.07940   0.36830   0.09524   0.51011   0.03175   0.00353   0.46742   0.14958   0.33590   0.24225   0.08398   0.14452
C   0.00000   0.21569   0.05556   0.18966   0.46429   0.56667   0.27193   0.56667   0.25000   0.42609   0.33333   0.68519   0.33333   0.68333   0.35833   0.70690   0.46875   0.37500   0.12121   0.30952
W   0.49275   0.02410   0.56627   0.30833   0.47222   0.69048   0.19048   0.16667   0.25000   0.36066   0.15789   0.35556   0.20000   0.17241   0.91667   0.64815   0.58974   0.28889   0.62745   0.22078
I   0.37028   0.09385   0.38739   0.05360   0.53889   0.38554   0.30896   0.10938   0.28795   0.24448   0.08286   0.49902   0.58704   0.16968   0.38642   0.09974   0.34792   0.05990   0.43361   0.27251
M   0.06383   0.22772   0.23881   0.17627   0.60417   0.20000   0.24567   0.31548   0.23810   0.22267   0.00000   0.22422   0.56667   0.56425   0.08824   0.17100   0.11475   0.10526   0.08015   0.01235
N   0.02183   0.20441   0.25974   0.11411   0.58974   0.50000   0.07385   0.15000   0.33423   0.24181   0.30312   0.40575   0.36000   0.15745   0.08302   0.01954   0.01172   0.08439   0.10894   0.29427
K   0.03600   0.18945   0.09259   0.22329   0.06250   0.06494   0.19792   0.30303   0.52357   0.45796   0.28952   0.05924   0.56627   0.23920   0.24302   0.41042   0.18027   0.18776   0.37311   0.23545
T   0.14489   0.02925   0.48148   0.16798   0.07778   0.00000   0.36021   0.06494   0.42769   0.36535   0.06061   0.48711   0.02000   0.21933   0.15917   0.46536   0.01455   0.04507   0.16625   0.09974
R   0.29781   0.21053   0.21834   0.59812   0.60526   0.38596   0.27047   0.73214   0.44637   0.22102   0.44986   0.63168   0.65251   0.15830   0.56883   0.20580   0.41014   0.49378   0.29674   0.05660
H   0.26087   0.27083   0.00000   0.24691   0.56667   0.64815   0.45291   0.66667   0.10526   0.01639   0.41667   0.18966   0.16667   0.06944   0.72222   0.44203   0.59722   0.17241   0.46667   0.15278
Q   0.44398   0.23756   0.36250   0.34943   0.68333   0.48276   0.22491   0.53012   0.04938   0.30612   0.20332   0.31621   0.34127   0.30303   0.51429   0.08696   0.33908   0.03030   0.51397   0.05725
P   0.00474   0.01489   0.15278   0.28067   0.29167   0.64815   0.22255   0.60526   0.18298   0.30888   0.12448   0.71240   0.11111   0.53333   0.00000   0.35077   0.11211   0.36100   0.02183   0.38462
V   0.10029   0.08056   0.04681   0.07972   0.35833   0.40741   0.22544   0.32716   0.09538   0.17548   0.05990   0.01145   0.45161   0.07778   0.18777   0.10787   0.10130   0.30513   0.42885   0.01659
D   0.10700   0.05924   0.41667   0.31202   0.12121   0.34615   0.29759   0.48765   0.12891   0.41927   0.15890   0.17842   0.37121   0.52941   0.70690   0.16817   0.36272   0.29429   0.11783   0.45473
E   0.11741   0.24156   0.05882   0.22422   0.72917   0.02778   0.02601   0.06944   0.21498   0.20059   0.06070   0.27882   0.35833   0.24164   0.32323   0.23410   0.30035   0.25594   0.01158   0.44850
A   0.25145   0.31241   0.12195   0.08436   0.07576   0.43137   0.20327   0.58779   0.03636   0.40706   0.39756   0.36061   0.16667   0.10700   0.06250   0.23983   0.01736   0.24716   0.11042   0.43810
G   0.02557   0.09076   0.08824   0.04087   0.61905   0.00000   0.13936   0.11111   0.44444   0.31643   0.20822   0.24281   0.40000   0.00435   0.56667   0.23317   0.17868   0.39414   0.44598   0.14964