64
TTT   0.260
TTA   0.522
TTC   0.549
TTG   0.342
TAT   0.278
TAA   0.183
TAC   0.605
TAG   0.320
TCT   0.201
TCA   0.294
TCC   0.840
TCG   0.628
TGT   0.634
TGA   0.761
TGC   0.685
TGG   0.186
ATT   0.086
ATA   0.227
ATC   0.756
ATG   0.462
AAT   0.000
AAA   0.351
AAC   0.527
AAG   0.194
ACT   0.190
ACA   0.109
ACC   0.398
ACG   0.234
AGT   0.255
AGA   0.440
AGC   0.016
AGG   0.448
CTT   0.394
CTA   0.522
CTC   0.911
CTG   0.395
CAT   0.506
CAA   0.153
CAC   0.580
CAG   0.634
CCT   0.482
CCA   0.314
CCC   0.527
CCG   0.473
CGT   0.265
CGA   0.715
CGC   0.571
CGG   0.044
GTT   0.341
GTA   0.299
GTC   0.845
GTG   0.357
GAT   0.229
GAA   0.432
GAC   0.751
GAG   0.380
GCT   0.645
GCA   0.546
GCC   0.274
GCG   0.219
GGT   0.743
GGA   0.496
GGC   0.349
GGG   0.536
-------------------------------------------------------------------
         F         L         Y         S         C         W         I         M         N         K         T         R         H         Q         P         V         D         E         A         G         
20
F   0.41129   0.12640   0.17608   0.10088   0.16102   0.54237   0.21653   0.46094   0.25935   0.03618   0.11111   0.16456   0.03659   0.31092   0.13139   0.09451   0.01418   0.74510   0.07979   0.28058
L   0.06374   0.26275   0.65714   0.15421   0.59756   0.63303   0.23148   0.43081   0.02994   0.40255   0.01880   0.14925   0.51156   0.27586   0.12846   0.02560   0.16719   0.42810   0.21193   0.52605
Y   0.06061   0.23507   0.59827   0.49412   0.56579   0.33333   0.53030   0.92701   0.41951   0.10488   0.45604   0.47022   0.00000   0.33051   0.34649   0.63659   0.25000   0.11000   0.12637   0.33333
S   0.08190   0.14558   0.47971   0.35464   0.76879   0.86957   0.24344   0.67886   0.14346   0.28943   0.29925   0.01418   0.51099   0.00840   0.21341   0.25407   0.12500   0.13256   0.46479   0.42966
C   0.41525   0.69020   0.52740   0.51099   1.00000   0.44444   0.64839   0.84375   0.65896   0.13139   0.89011   0.72477   0.90826   0.07813   0.63415   0.78070   0.76563   0.86301   0.87805   0.64024
W   0.63636   0.41284   0.51220   0.07865   0.55000   1.00000   0.45890   0.40000   0.20290   0.16667   0.68750   0.45455   0.44444   0.32500   1.00000   0.48315   0.69663   0.60870   0.46000   0.64000
I   0.23251   0.19411   0.05985   0.26360   0.74516   0.07813   0.39446   0.49789   0.35464   0.06825   0.11359   0.10973   0.82818   0.17544   0.25392   0.33828   0.31549   0.06324   0.12411   0.08128
M   0.69020   0.48476   0.67886   0.71599   1.00000   0.25926   0.42581   0.85401   0.08772   0.29457   0.50228   0.73822   0.45455   0.73913   0.13187   0.27397   0.87805   0.27439   0.05023   0.36129
N   0.27132   0.17436   0.00968   0.24505   0.49032   0.56044   0.51991   0.56593   0.51881   0.12139   0.32527   0.47163   0.72527   0.37107   0.22353   0.10024   0.36994   0.30493   0.14510   0.32212
K   0.11869   0.25110   0.40086   0.20543   0.49032   0.46218   0.22443   0.20438   0.06486   0.41760   0.33211   0.02208   0.27225   0.63306   0.34874   0.21429   0.12156   0.43605   0.78291   0.52972
T   0.01799   0.00578   0.27473   0.20595   0.95434   0.24771   0.36077   0.81685   0.14162   0.14035   0.12853   0.51136   0.68750   0.46218   0.54006   0.05836   0.43249   0.00806   0.69913   0.45279
R   0.26241   0.00716   0.68966   0.28065   0.74576   0.07246   0.35312   0.60938   0.44201   0.07983   0.07865   0.40071   0.69110   0.51220   0.22656   0.15966   0.38278   0.42767   0.48387   0.28090
H   0.71098   0.41758   0.63874   0.53403   0.78022   0.55000   0.69416   0.87805   0.86301   0.20438   0.72527   0.72603   0.31507   0.20290   0.76563   0.42581   0.28049   0.07813   0.30380   0.27737
Q   0.19497   0.23232   0.16774   0.07979   0.78261   0.40000   0.48387   0.53782   0.37234   0.46218   0.72781   0.08081   0.67033   0.30380   0.59551   0.84211   0.35354   0.63131   0.71069   0.28090
P   0.23034   0.05491   0.05839   0.13636   0.84375   0.25926   0.00000   0.80000   0.41350   0.08176   0.08772   0.00840   0.81651   0.38983   0.62201   0.19355   0.15504   0.24123   0.58586   0.78682
V   0.20948   0.00627   0.34219   0.11619   0.51829   0.82000   0.21284   0.20438   0.08300   0.02521   0.37385   0.13158   0.46094   0.54128   0.09146   0.49068   0.30261   0.15880   0.43411   0.52972
D   0.27523   0.31092   0.37363   0.10084   0.70000   0.09091   0.62586   0.41000   0.40086   0.24439   0.34104   0.01000   0.08081   0.67982   0.25481   0.10594   0.05773   0.13761   0.54167   0.57983
E   0.14925   0.22883   0.39884   0.25434   0.19178   0.47826   0.16368   0.07031   0.34975   0.57863   0.12500   0.21154   0.60000   0.38926   0.26263   0.60935   0.43411   0.40327   0.78349   0.63224
A   0.60791   0.47009   0.41284   0.01493   0.91525   0.56522   0.13028   0.36697   0.28571   0.60168   0.52861   0.48876   0.07595   0.74564   0.46154   0.50088   0.77132   0.66048   0.78012   0.73543
G   0.65333   0.42523   0.29677   0.41416   0.09174   0.65823   0.27561   0.07865   0.33803   0.54938   0.26513   0.35965   0.68750   0.63087   0.29457   0.60826   0.49337   0.38838   0.85965   0.63802