64
TTT   0.210
TTA   0.606
TTC   0.443
TTG   0.478
TAT   0.249
TAA   0.031
TAC   0.507
TAG   0.221
TCT   0.469
TCA   0.418
TCC   0.746
TCG   0.109
TGT   0.068
TGA   0.796
TGC   0.683
TGG   0.189
ATT   0.184
ATA   0.440
ATC   0.741
ATG   0.389
AAT   0.347
AAA   0.284
AAC   0.463
AAG   0.480
ACT   0.253
ACA   0.293
ACC   0.521
ACG   0.041
AGT   0.195
AGA   0.086
AGC   0.575
AGG   0.048
CTT   0.535
CTA   0.399
CTC   0.925
CTG   0.544
CAT   0.173
CAA   0.358
CAC   0.584
CAG   0.142
CCT   0.473
CCA   0.497
CCC   0.481
CCG   0.302
CGT   0.118
CGA   0.649
CGC   0.837
CGG   0.305
GTT   0.159
GTA   0.385
GTC   0.869
GTG   0.298
GAT   0.363
GAA   0.480
GAC   0.740
GAG   0.640
GCT   0.064
GCA   0.095
GCC   0.514
GCG   0.229
GGT   0.414
GGA   0.246
GGC   0.391
GGG   0.365
-------------------------------------------------------------------
         F         L         Y         S         C         W         I         M         N         K         T         R         H         Q         P         V         D         E         A         G         
20
F   0.05344   0.25280   0.35484   0.00439   0.03030   0.13559   0.38678   0.01429   0.21136   0.04134   0.19946   0.19192   0.02532   0.39899   0.02459   0.11785   0.25067   0.42577   0.30112   0.19424
L   0.07592   0.17265   0.08800   0.20874   0.35714   0.63303   0.39403   0.10288   0.01235   0.22233   0.12946   0.37529   0.08876   0.11671   0.20441   0.05572   0.15142   0.29091   0.35629   0.16134
Y   0.12097   0.04786   0.22346   0.08140   0.54545   0.34783   0.05344   0.88889   0.08403   0.49319   0.16162   0.17561   0.06422   0.70632   0.14094   0.29384   0.00000   0.35393   0.17188   0.14894
S   0.09859   0.07627   0.12800   0.13008   0.75904   0.23333   0.05047   0.69141   0.08621   0.27154   0.11238   0.21583   0.27049   0.57801   0.08140   0.27470   0.06250   0.22478   0.16797   0.34404
C   0.32353   0.50625   0.26087   0.36879   1.00000   0.23077   0.23853   0.23077   0.23729   0.03361   0.68750   0.41176   0.84375   0.67797   0.61039   0.01961   0.41176   0.77778   0.82759   0.01695
W   0.29293   0.34337   0.51807   0.06742   0.05000   0.35000   0.22549   0.33333   0.34783   0.75410   0.79167   0.48276   0.77778   0.31034   1.00000   0.57303   0.64045   0.07246   0.24000   0.35065
I   0.48560   0.25725   0.11671   0.27273   0.04819   0.64458   0.40379   0.07031   0.16262   0.12611   0.10358   0.28291   0.50980   0.18261   0.09160   0.21076   0.01235   0.24111   0.38319   0.03791
M   0.43972   0.56667   0.41045   0.51029   1.00000   0.55556   0.18349   0.82609   0.23077   0.25581   0.63787   0.71098   0.13333   0.61453   0.57527   0.40892   0.75410   0.14286   0.20611   0.38125
N   0.42119   0.14701   0.49837   0.40000   0.18987   0.21569   0.32511   0.22549   0.17251   0.12939   0.04063   0.19892   0.47917   0.19697   0.18519   0.20159   0.21713   0.46861   0.39106   0.07692
K   0.15825   0.43860   0.47122   0.17703   0.12222   0.35294   0.31818   0.44949   0.27387   0.06156   0.03670   0.24882   0.16265   0.17608   0.33520   0.15417   0.32569   0.08140   0.16667   0.02326
T   0.21023   0.02825   0.18519   0.31423   0.87952   0.17431   0.20069   0.67532   0.37374   0.14124   0.35198   0.27933   0.72789   0.55762   0.27893   0.33037   0.09818   0.26844   0.30957   0.24464
R   0.07143   0.27018   0.44693   0.30245   0.33333   0.01429   0.25850   0.10000   0.10112   0.35849   0.07292   0.09140   0.34444   0.81651   0.40361   0.20930   0.00775   0.23270   0.04435   0.28800
H   0.50980   0.44792   0.28125   0.27049   0.23077   0.05000   0.27049   0.68750   0.80392   0.10656   0.28571   0.71631   0.44444   0.48507   0.33333   0.13483   0.01695   0.01695   0.18987   0.18852
Q   0.15723   0.32805   0.19375   0.46591   0.47368   0.48276   0.09677   0.28313   0.18085   0.19048   0.11979   0.42775   0.63855   0.60101   0.12745   0.00870   0.13913   0.00000   0.55587   0.66031
P   0.15640   0.17632   0.05426   0.34104   0.90196   0.47368   0.22255   0.55556   0.27604   0.11173   0.01422   0.08403   0.79167   0.15714   0.60101   0.14919   0.34848   0.32456   0.11607   0.62791
V   0.00946   0.17192   0.11607   0.01130   0.02532   0.21875   0.24960   0.00000   0.31621   0.12605   0.11927   0.24427   0.32353   0.23853   0.19892   0.38354   0.39826   0.16309   0.23518   0.08294
D   0.25688   0.29076   0.20833   0.43487   0.48276   0.01961   0.19878   0.28916   0.07914   0.13901   0.37534   0.00000   0.16162   0.57895   0.75481   0.13953   0.21542   0.01802   0.31140   0.02058
E   0.18657   0.01421   0.07692   0.32946   0.77966   0.01429   0.22422   0.11194   0.24384   0.31653   0.02381   0.22677   0.48052   0.44610   0.26119   0.35327   0.48837   0.23161   0.53028   0.58186
A   0.19653   0.18410   0.05963   0.44856   0.91803   0.65517   0.01089   0.73664   0.22969   0.09580   0.10488   0.28800   0.12222   0.15331   0.24554   0.17345   0.44186   0.06631   0.27711   0.15048
G   0.32952   0.06723   0.14679   0.24464   0.67677   0.12222   0.44068   0.44375   0.11268   0.01420   0.04932   0.03797   0.55556   0.35217   0.79845   0.31240   0.30504   0.43119   0.04605   0.40826