64
TTT   0.656
TTA   0.859
TTC   0.651
TTG   0.196
TAT   0.607
TAA   0.177
TAC   0.570
TAG   0.116
TCT   0.554
TCA   0.170
TCC   0.901
TCG   0.809
TGT   0.438
TGA   0.855
TGC   0.876
TGG   0.393
ATT   0.714
ATA   0.715
ATC   0.737
ATG   0.274
AAT   0.782
AAA   0.779
AAC   0.445
AAG   0.054
ACT   0.508
ACA   0.219
ACC   0.737
ACG   0.698
AGT   0.407
AGA   0.008
AGC   0.732
AGG   0.076
CTT   0.167
CTA   0.192
CTC   0.968
CTG   0.826
CAT   0.331
CAA   0.140
CAC   0.829
CAG   0.378
CCT   0.382
CCA   0.329
CCC   0.873
CCG   0.895
CGT   0.444
CGA   0.910
CGC   0.959
CGG   0.902
GTT   0.490
GTA   0.652
GTC   0.932
GTG   0.742
GAT   0.730
GAA   0.671
GAC   0.835
GAG   0.691
GCT   0.554
GCA   0.365
GCC   0.828
GCG   0.637
GGT   0.620
GGA   0.318
GGC   0.742
GGG   0.600
-------------------------------------------------------------------
         F         L         Y         S         C         W         I         M         N         K         T         R         H         Q         P         V         D         E         A         G         
20
F   0.29435   0.42720   0.57661   0.36842   0.32653   0.47321   0.76860   0.24176   0.62461   0.78295   0.19529   0.08081   0.19388   0.15000   0.58681   0.41077   0.64748   0.82353   0.03191   0.11511
L   0.07746   0.11238   0.12308   0.00822   0.62921   0.76190   0.68210   0.16514   0.62551   0.81489   0.10085   0.68692   0.38321   0.21751   0.37084   0.03348   0.62303   0.58182   0.12274   0.13950
Y   0.46371   0.38035   0.34532   0.13178   0.64646   0.49275   0.32258   0.79592   0.73529   0.79019   0.04545   0.56218   0.03670   0.11392   0.29530   0.37657   0.54040   0.48876   0.12637   0.18085
S   0.30751   0.12713   0.26147   0.61091   0.85019   0.34286   0.51262   0.50932   0.44828   0.66992   0.29287   0.56426   0.68327   0.61489   0.62059   0.47118   0.03846   0.06916   0.30164   0.11009
C   0.01429   0.63594   0.48120   0.68327   1.00000   0.59184   0.18045   0.84127   0.39796   0.35294   0.91342   0.90712   0.91071   0.15714   0.81366   0.68944   0.61039   0.91597   0.94709   0.70936
W   0.78788   0.37714   0.12500   0.33083   0.59184   0.78022   0.19388   0.38776   0.28986   0.67033   0.78022   0.79592   0.71429   0.42857   1.00000   0.15238   0.29213   0.08696   0.62406   0.28571
I   0.59671   0.51324   0.49867   0.40199   0.43571   0.29762   0.72397   0.23529   0.65981   0.88576   0.46849   0.35294   0.48980   0.03191   0.05882   0.40135   0.63992   0.80632   0.27248   0.30788
M   0.13187   0.31301   0.19388   0.54231   1.00000   0.64286   0.05618   0.71429   0.76442   0.51163   0.48095   0.76190   0.69388   0.29592   0.56593   0.21675   0.57143   0.41176   0.31126   0.41071
N   0.87339   0.64103   0.61238   0.45586   0.13187   0.47500   0.70179   0.20253   0.56678   0.73904   0.13029   0.21164   0.57983   0.60377   0.18687   0.36605   0.59327   0.81166   0.03670   0.54567
K   0.88215   0.73794   0.77338   0.52326   0.05952   0.76471   0.79119   0.35780   0.74775   0.72000   0.64037   0.02524   0.54676   0.60484   0.20588   0.43103   0.79128   0.67442   0.76471   0.52972
T   0.01439   0.22523   0.04545   0.54222   0.95536   0.08403   0.47210   0.62406   0.24579   0.64693   0.56426   0.75797   0.84190   0.43333   0.40669   0.14706   0.35081   0.09489   0.16303   0.14163
R   0.24088   0.43014   0.69350   0.48743   0.90712   0.57143   0.22420   0.55357   0.38194   0.11765   0.63747   0.89384   0.85749   0.87342   0.80120   0.58099   0.59177   0.48544   0.46436   0.79704
H   0.45055   0.53779   0.10390   0.44720   0.59184   0.52381   0.47024   0.85714   0.68254   0.10092   0.75369   0.88827   0.64286   0.48120   0.88142   0.56158   0.69898   0.53175   0.50932   0.63869
Q   0.55975   0.24579   0.07857   0.14362   0.88095   0.30000   0.29435   0.58824   0.32979   0.41176   0.38321   0.74352   0.81366   0.68775   0.64822   0.27848   0.05714   0.36364   0.26728   0.39456
P   0.25523   0.33401   0.24031   0.57778   0.94048   0.84127   0.52226   0.83193   0.09353   0.29018   0.56394   0.82500   0.91632   0.75314   0.90038   0.32055   0.51685   0.16788   0.67909   0.21818
V   0.09148   0.02761   0.25758   0.09794   0.65801   0.52381   0.24678   0.13492   0.47233   0.54412   0.27695   0.60792   0.64796   0.16154   0.52848   0.11801   0.46261   0.36695   0.37981   0.31866
D   0.65749   0.50420   0.72368   0.35084   0.38776   0.30000   0.59327   0.05085   0.57194   0.71749   0.12308   0.21739   0.01010   0.60088   0.07143   0.12920   0.57115   0.09786   0.30702   0.30672
E   0.66045   0.46847   0.59615   0.25000   0.35165   0.59420   0.60762   0.05882   0.60345   0.73185   0.09177   0.45119   0.56044   0.18132   0.55804   0.56822   0.43928   0.24174   0.60183   0.47103
A   0.14029   0.02985   0.11382   0.57051   0.94898   0.89796   0.33028   0.45238   0.64706   0.70588   0.43712   0.62683   0.59694   0.26829   0.57750   0.19516   0.55233   0.29178   0.32383   0.15209
G   0.56000   0.06879   0.42202   0.18957   0.47619   0.37302   0.22222   0.02198   0.60563   0.50823   0.26170   0.70732   0.76190   0.11310   0.62500   0.07273   0.21751   0.09786   0.09703   0.20185