64
TTT   0.535
TTA   0.788
TTC   0.788
TTG   0.502
TAT   0.282
TAA   0.047
TAC   0.271
TAG   0.000
TCT   0.441
TCA   0.344
TCC   0.862
TCG   0.671
TGT   0.350
TGA   0.874
TGC   0.754
TGG   0.377
ATT   0.393
ATA   0.488
ATC   0.832
ATG   0.438
AAT   0.495
AAA   0.561
AAC   0.567
AAG   0.462
ACT   0.523
ACA   0.089
ACC   0.608
ACG   0.509
AGT   0.502
AGA   0.040
AGC   0.526
AGG   0.055
CTT   0.487
CTA   0.494
CTC   0.948
CTG   0.796
CAT   0.428
CAA   0.201
CAC   0.674
CAG   0.250
CCT   0.316
CCA   0.471
CCC   0.763
CCG   0.720
CGT   0.407
CGA   0.865
CGC   0.933
CGG   0.735
GTT   0.278
GTA   0.646
GTC   0.918
GTG   0.532
GAT   0.462
GAA   0.352
GAC   0.779
GAG   0.537
GCT   0.563
GCA   0.330
GCC   0.714
GCG   0.334
GGT   0.582
GGA   0.130
GGC   0.524
GGG   0.530
-------------------------------------------------------------------
         F         L         Y         S         C         W         I         M         N         K         T         R         H         Q         P         V         D         E         A         G         
20
F   0.17742   0.44160   0.39516   0.23465   0.27273   0.01667   0.33388   0.45238   0.02462   0.12920   0.18855   0.39077   0.34167   0.39899   0.54054   0.20375   0.06835   0.34174   0.39936   0.11182
L   0.11435   0.02179   0.09881   0.10174   0.46774   0.60784   0.42490   0.02242   0.05996   0.44662   0.10598   0.56281   0.02874   0.29708   0.04534   0.02353   0.32650   0.30413   0.02605   0.03025
Y   0.44355   0.48615   0.26619   0.15891   0.39394   0.11538   0.34677   0.88889   0.31933   0.55858   0.30303   0.28085   0.11927   0.26852   0.19892   0.31336   0.36364   0.04301   0.22059   0.10476
S   0.11033   0.06034   0.07234   0.28284   0.76190   0.58929   0.00471   0.62381   0.00739   0.53984   0.01895   0.37528   0.29365   0.57951   0.42022   0.38319   0.37740   0.02254   0.09168   0.43884
C   0.32353   0.61275   0.21739   0.48851   1.00000   0.66667   0.04386   0.66667   0.01667   0.44538   0.79167   0.81481   0.89583   0.01667   0.75000   0.71264   0.68750   0.86111   0.84848   0.29762
W   0.28261   0.32716   0.10000   0.25833   0.44444   0.52381   0.37302   0.44444   0.13043   0.61538   0.82456   0.66667   0.72222   0.16667   1.00000   0.17593   0.12360   0.23333   0.50980   0.16667
I   0.18313   0.18033   0.45889   0.23153   0.56111   0.42157   0.13722   0.04202   0.40374   0.33976   0.02259   0.30137   0.79757   0.32130   0.44262   0.12332   0.35597   0.28656   0.08174   0.24384
M   0.40152   0.66535   0.22549   0.59661   1.00000   0.44444   0.38408   0.88095   0.00952   0.04264   0.63787   0.77578   0.50000   0.11538   0.61275   0.28700   0.72222   0.04202   0.13693   0.38889
N   0.40827   0.32137   0.62866   0.46847   0.49359   0.60784   0.27130   0.34167   0.19544   0.33991   0.27362   0.52396   0.66667   0.32340   0.25283   0.18568   0.22630   0.51345   0.31661   0.34856
K   0.18855   0.54496   0.41727   0.05620   0.17708   0.39496   0.45312   0.21014   0.65405   0.42240   0.31560   0.20151   0.48201   0.07661   0.12177   0.30296   0.44725   0.25388   0.47759   0.25323
T   0.07641   0.05667   0.36364   0.17577   0.88889   0.17431   0.19957   0.65278   0.08615   0.26096   0.31017   0.63037   0.73333   0.43333   0.14243   0.20159   0.08487   0.30141   0.42435   0.16094
R   0.34796   0.42382   0.56769   0.42386   0.73684   0.39474   0.45906   0.70238   0.38408   0.17647   0.48997   0.66535   0.77220   0.84556   0.74286   0.37203   0.40553   0.34025   0.26409   0.32830
H   0.63768   0.24286   0.28125   0.45062   0.66667   0.62963   0.60090   0.89583   0.82456   0.09167   0.58333   0.77011   0.53704   0.52083   0.81481   0.35507   0.59028   0.18644   0.34167   0.31250
Q   0.34025   0.11869   0.20930   0.17904   0.83333   0.00000   0.14187   0.34454   0.13830   0.14286   0.29876   0.60870   0.76190   0.42754   0.57619   0.07895   0.43103   0.03030   0.08621   0.63968
P   0.15238   0.18859   0.10417   0.52599   0.93056   0.81481   0.00000   0.82456   0.40851   0.38610   0.13693   0.68602   0.81481   0.60667   0.60101   0.23692   0.42152   0.05394   0.13537   0.39535
V   0.09169   0.09937   0.15745   0.09012   0.34167   0.53704   0.03119   0.32716   0.38142   0.27941   0.17202   0.23552   0.62903   0.17431   0.34934   0.30901   0.33043   0.41845   0.25323   0.06747
D   0.33639   0.33277   0.26316   0.17857   0.54545   0.35897   0.12332   0.63580   0.19784   0.50000   0.25733   0.17842   0.25000   0.10526   0.16346   0.28424   0.50000   0.28135   0.39254   0.44328
E   0.07836   0.23063   0.01923   0.13566   0.18644   0.04167   0.24439   0.17361   0.40640   0.45363   0.08307   0.44236   0.66667   0.26961   0.50000   0.50467   0.26873   0.03166   0.52477   0.24181
A   0.06835   0.15726   0.17431   0.39775   0.92424   0.80392   0.19450   0.36111   0.25770   0.46387   0.32698   0.54476   0.26852   0.24390   0.19524   0.37168   0.45155   0.29708   0.35693   0.33857
G   0.34667   0.02523   0.06422   0.21245   0.15152   0.12222   0.35011   0.50556   0.50704   0.30658   0.16715   0.27157   0.73333   0.34934   0.53488   0.47273   0.15385   0.06116   0.47149   0.30413