64
TTT   0.358
TTA   0.533
TTC   0.412
TTG   0.092
TAT   0.065
TAA   0.107
TAC   0.488
TAG   0.028
TCT   0.192
TCA   0.142
TCC   0.461
TCG   0.801
TGT   0.498
TGA   0.658
TGC   0.117
TGG   0.243
ATT   0.131
ATA   0.035
ATC   0.656
ATG   0.201
AAT   0.210
AAA   0.141
AAC   0.152
AAG   0.079
ACT   0.604
ACA   0.434
ACC   0.384
ACG   0.632
AGT   0.470
AGA   0.334
AGC   0.372
AGG   0.180
CTT   0.410
CTA   0.618
CTC   0.060
CTG   0.475
CAT   0.107
CAA   0.243
CAC   0.080
CAG   0.269
CCT   0.294
CCA   0.026
CCC   0.655
CCG   0.788
CGT   0.491
CGA   0.736
CGC   0.706
CGG   0.779
GTT   0.376
GTA   0.421
GTC   0.276
GTG   0.001
GAT   0.151
GAA   0.198
GAC   0.077
GAG   0.225
GCT   0.507
GCA   0.265
GCC   0.381
GCG   0.712
GGT   0.352
GGA   0.076
GGC   0.308
GGG   0.790
-------------------------------------------------------------------
         F         L         Y         S         C         W         I         M         N         K         T         R         H         Q         P         V         D         E         A         G         
20
F   0.02392   0.44338   0.46619   0.03324   0.63077   0.07692   0.33747   0.19841   0.00000   0.04533   0.27410   0.62154   0.04167   0.23737   0.35907   0.17841   0.05405   0.35745   0.10224   0.26198
L   0.05613   0.41867   0.41570   0.02481   0.40000   0.25547   0.01930   0.35549   0.10399   0.30675   0.32254   0.23491   0.39583   0.51642   0.21532   0.17275   0.07026   0.09264   0.24736   0.19931
Y   0.49635   0.43490   0.49505   0.24653   0.68085   0.35897   0.43750   0.20000   0.13830   0.46535   0.42017   0.04681   0.02083   0.32075   0.30108   0.31546   0.30000   0.06989   0.07843   0.24286
S   0.16520   0.02987   0.22442   0.19705   0.10638   0.39881   0.42229   0.14286   0.21340   0.33568   0.22512   0.26966   0.30000   0.08127   0.31910   0.06723   0.20308   0.03533   0.15495   0.13624
C   0.35849   0.32673   0.70000   0.28980   0.49398   0.07692   0.28302   0.40000   0.69231   0.42609   0.63077   0.24074   0.09375   0.31034   0.27500   0.38078   0.36424   0.28713   0.69444   0.51445
W   0.42754   0.06358   0.50000   0.40000   0.16279   0.47619   0.60317   0.74074   0.58333   0.07692   0.23684   0.20000   0.28000   0.39583   0.50000   0.26852   0.35897   0.52222   0.57843   0.76667
I   0.54660   0.11231   0.36275   0.14603   0.23889   0.36275   0.26143   0.12308   0.05016   0.18876   0.03696   0.61840   0.53441   0.19134   0.59485   0.12528   0.19489   0.55956   0.11780   0.14958
M   0.03650   0.17228   0.21538   0.25693   0.26154   0.28000   0.62630   0.44048   0.69048   0.29960   0.42525   0.32287   0.16667   0.17021   0.47059   0.00446   0.19444   0.05263   0.04149   0.51235
N   0.24422   0.35237   0.52101   0.34004   0.20000   0.22549   0.20000   0.10000   0.18482   0.16279   0.28065   0.49201   0.28000   0.26383   0.29057   0.31320   0.34387   0.33641   0.11912   0.18373
K   0.07054   0.38152   0.19802   0.15606   0.55556   0.08861   0.32468   0.21739   0.35135   0.02216   0.01340   0.36524   0.70612   0.21397   0.21676   0.27249   0.01633   0.36364   0.18767   0.21467
T   0.22622   0.31021   0.50000   0.31321   0.66292   0.27778   0.13857   0.29861   0.02108   0.19378   0.43557   0.19484   0.16667   0.39306   0.08833   0.43633   0.01095   0.06479   0.04335   0.00512
R   0.50157   0.42105   0.43231   0.47881   0.20833   0.49123   0.39206   0.52976   0.22491   0.17647   0.33811   0.60000   0.69498   0.35907   0.73766   0.01055   0.20276   0.19087   0.31454   0.34717
H   0.29231   0.30693   0.25000   0.22488   0.16667   0.33333   0.44843   0.55208   0.28302   0.04167   0.40594   0.62644   0.00000   0.20139   0.55556   0.38393   0.59722   0.04000   0.02439   0.20139
Q   0.31120   0.32329   0.05556   0.22635   0.07692   0.40000   0.22491   0.36585   0.02410   0.15196   0.20462   0.43083   0.08029   0.29231   0.02778   0.00476   0.29310   0.06250   0.28980   0.23887
P   0.16667   0.09843   0.14583   0.45946   0.25000   0.66667   0.18694   0.56140   0.20000   0.02703   0.12044   0.56201   0.00000   0.16667   0.34343   0.13538   0.38565   0.48963   0.00866   0.17021
V   0.08639   0.39577   0.38482   0.16291   0.53846   0.46296   0.14553   0.22488   0.28864   0.15099   0.35879   0.20308   0.30108   0.34307   0.27760   0.40667   0.02597   0.20059   0.40166   0.14940
D   0.28383   0.01733   0.22222   0.31714   0.34653   0.35897   0.34316   0.55556   0.03139   0.00446   0.13029   0.43154   0.28788   0.43627   0.25287   0.01423   0.28854   0.20000   0.06137   0.18462
E   0.27126   0.15457   0.25980   0.06303   0.69811   0.59722   0.18694   0.39583   0.31120   0.17343   0.14696   0.65147   0.04167   0.25980   0.30808   0.10473   0.51590   0.20053   0.02703   0.20930
A   0.10069   0.23209   0.39189   0.16667   0.36842   0.07843   0.24374   0.46535   0.12541   0.11912   0.48861   0.20716   0.26852   0.00461   0.00476   0.24307   0.18375   0.40000   0.02108   0.04746
G   0.09621   0.26617   0.04412   0.09537   0.44371   0.27778   0.44858   0.43889   0.14286   0.25223   0.40166   0.58466   0.04000   0.24454   0.66667   0.39354   0.05016   0.45928   0.27410   0.31591