64
TTT   0.276
TTA   0.546
TTC   0.640
TTG   0.451
TAT   0.233
TAA   0.150
TAC   0.627
TAG   0.028
TCT   0.308
TCA   0.438
TCC   0.743
TCG   0.395
TGT   0.673
TGA   0.632
TGC   0.783
TGG   0.177
ATT   0.301
ATA   0.506
ATC   0.512
ATG   0.297
AAT   0.360
AAA   0.488
AAC   0.489
AAG   0.416
ACT   0.170
ACA   0.379
ACC   0.363
ACG   0.252
AGT   0.061
AGA   0.306
AGC   0.245
AGG   0.225
CTT   0.697
CTA   0.245
CTC   0.945
CTG   0.611
CAT   0.359
CAA   0.395
CAC   0.700
CAG   0.026
CCT   0.031
CCA   0.457
CCC   0.313
CCG   0.244
CGT   0.141
CGA   0.487
CGC   0.771
CGG   0.163
GTT   0.136
GTA   0.389
GTC   0.886
GTG   0.532
GAT   0.543
GAA   0.480
GAC   0.761
GAG   0.403
GCT   0.114
GCA   0.089
GCC   0.537
GCG   0.567
GGT   0.355
GGA   0.058
GGC   0.312
GGG   0.554
-------------------------------------------------------------------
         F         L         Y         S         C         W         I         M         N         K         T         R         H         Q         P         V         D         E         A         G         
20
F   0.15726   0.00319   0.11744   0.20833   0.49231   0.09231   0.55868   0.31683   0.02462   0.08786   0.10542   0.37879   0.31304   0.21192   0.28313   0.34581   0.11871   0.57703   0.33096   0.16906
L   0.06167   0.43133   0.47344   0.07888   0.68065   0.70803   0.41358   0.36994   0.15771   0.20176   0.24223   0.42857   0.41319   0.31204   0.17805   0.19221   0.37382   0.36860   0.26697   0.22353
Y   0.09489   0.09068   0.31188   0.10417   0.47340   0.27536   0.13889   0.86111   0.21008   0.17439   0.16807   0.24554   0.13761   0.50314   0.12752   0.52997   0.09091   0.02809   0.15426   0.15426
S   0.06167   0.08841   0.28053   0.10684   0.78723   0.31683   0.41956   0.56111   0.21921   0.30732   0.23980   0.14462   0.50556   0.54231   0.14851   0.33874   0.21875   0.05707   0.23243   0.51529
C   0.56604   0.73927   0.61667   0.63673   1.00000   0.69231   0.31447   0.80000   0.69744   0.03361   0.92308   0.75610   0.88506   0.32184   0.65517   0.82206   0.80132   0.90099   0.95370   0.65896
W   0.20202   0.36994   0.44444   0.19101   0.53488   0.09091   0.36709   0.53333   0.52083   0.58333   0.77011   0.58333   0.80000   0.27500   1.00000   0.11236   0.43820   0.37681   0.14000   0.72000
I   0.62963   0.27238   0.65517   0.34375   0.42336   0.09231   0.36278   0.08462   0.43364   0.46439   0.01471   0.45378   0.56522   0.16071   0.27311   0.00224   0.48148   0.68577   0.03927   0.11084
M   0.42336   0.59569   0.39231   0.70025   1.00000   0.60000   0.39326   0.78723   0.68750   0.32946   0.36994   0.66887   0.40000   0.26596   0.26852   0.29018   0.65517   0.09244   0.09957   0.20202
N   0.21705   0.04568   0.22476   0.19459   0.59487   0.49367   0.41704   0.26852   0.01303   0.44737   0.00968   0.06289   0.53704   0.08092   0.05051   0.15660   0.49235   0.67713   0.22420   0.20192
K   0.24579   0.26425   0.27338   0.20349   0.63426   0.33613   0.63068   0.00917   0.46667   0.43520   0.32477   0.20505   0.43265   0.27419   0.31214   0.04187   0.43807   0.52519   0.57563   0.04910
T   0.28535   0.34931   0.21429   0.43393   0.96255   0.40367   0.07082   0.50495   0.10542   0.08333   0.61064   0.54093   0.77778   0.65607   0.05935   0.29401   0.09489   0.25301   0.39826   0.16524
R   0.23558   0.00478   0.23846   0.09537   0.79167   0.15942   0.11020   0.36709   0.20536   0.00000   0.22944   0.16337   0.25316   0.75904   0.01980   0.36533   0.25434   0.18462   0.06855   0.02809
H   0.74359   0.47525   0.04167   0.57416   0.72222   0.44444   0.27642   0.76744   0.87421   0.05217   0.75248   0.38462   0.53704   0.40000   0.58333   0.60268   0.01695   0.15254   0.35772   0.13913
Q   0.04217   0.40361   0.16279   0.36486   0.84615   0.40000   0.09677   0.03252   0.11702   0.27311   0.44224   0.31250   0.78102   0.59487   0.58796   0.08333   0.19512   0.09091   0.35102   0.52660
P   0.29365   0.26846   0.04651   0.12308   0.90741   0.44444   0.18694   0.60000   0.26064   0.36905   0.24088   0.28313   0.81481   0.67222   0.39231   0.11744   0.05839   0.46053   0.14286   0.27132
V   0.17016   0.32910   0.48168   0.08000   0.69615   0.13793   0.11803   0.47847   0.13043   0.15126   0.22558   0.39077   0.46923   0.20438   0.52997   0.14133   0.34783   0.27253   0.19876   0.08786
D   0.07339   0.32101   0.05263   0.43908   0.70297   0.00000   0.25076   0.18056   0.22302   0.49776   0.14607   0.30808   0.05051   0.49561   0.37500   0.27390   0.64427   0.42508   0.42982   0.31723
E   0.32836   0.34955   0.27404   0.07752   0.62893   0.57971   0.38565   0.26891   0.59113   0.54839   0.06969   0.37500   0.65217   0.01325   0.27737   0.44673   0.64599   0.17439   0.53761   0.40050
A   0.03472   0.08879   0.26351   0.49813   0.95215   0.78723   0.39083   0.65842   0.15126   0.52773   0.24017   0.42581   0.00000   0.24739   0.19139   0.16991   0.55233   0.57825   0.37048   0.36996
G   0.40952   0.28468   0.10550   0.28755   0.34437   0.17722   0.15152   0.11881   0.42488   0.48148   0.28157   0.42982   0.72222   0.13873   0.28333   0.13058   0.19629   0.49235   0.27193   0.52397