64
TTT   0.373
TTA   0.557
TTC   0.530
TTG   0.244
TAT   0.482
TAA   0.222
TAC   0.458
TAG   0.320
TCT   0.300
TCA   0.071
TCC   0.138
TCG   0.117
TGT   0.437
TGA   0.473
TGC   0.220
TGG   0.493
ATT   0.336
ATA   0.604
ATC   0.312
ATG   0.041
AAT   0.495
AAA   0.323
AAC   0.085
AAG   0.332
ACT   0.411
ACA   0.188
ACC   0.348
ACG   0.359
AGT   0.332
AGA   0.462
AGC   0.534
AGG   0.416
CTT   0.153
CTA   0.758
CTC   0.419
CTG   0.662
CAT   0.136
CAA   0.324
CAC   0.223
CAG   0.725
CCT   0.242
CCA   0.229
CCC   0.498
CCG   0.468
CGT   0.564
CGA   0.526
CGC   0.843
CGG   0.723
GTT   0.088
GTA   0.495
GTC   0.467
GTG   0.272
GAT   0.302
GAA   0.123
GAC   0.114
GAG   0.253
GCT   0.188
GCA   0.323
GCC   0.605
GCG   0.480
GGT   0.386
GGA   0.421
GGC   0.690
GGG   0.782
-------------------------------------------------------------------
         F         L         Y         S         C         W         I         M         N         K         T         R         H         Q         P         V         D         E         A         G         
20
F   0.28431   0.36081   0.50166   0.14878   0.38983   0.55000   0.14979   0.01563   0.24065   0.09651   0.08712   0.27077   0.31667   0.58586   0.47104   0.12064   0.08156   0.61277   0.44728   0.36102
L   0.05405   0.24633   0.61955   0.05841   0.24390   0.06422   0.25167   0.41775   0.03095   0.07377   0.08885   0.62806   0.49711   0.02930   0.08707   0.04853   0.19129   0.17815   0.23246   0.51127
Y   0.47727   0.60694   0.70520   0.57451   0.73684   0.41026   0.69318   0.34307   0.60488   0.60488   0.62088   0.26332   0.11927   0.08475   0.18421   0.47073   0.52273   0.07000   0.10784   0.25532
S   0.18319   0.09071   0.43914   0.10012   0.02890   0.94643   0.23986   0.14634   0.14979   0.35240   0.28571   0.36629   0.30769   0.58304   0.26292   0.17311   0.28846   0.15211   0.51386   0.01609
C   0.13559   0.20000   0.63014   0.04396   0.57143   0.40000   0.63226   0.53125   0.65318   0.51825   0.47253   0.32716   0.11927   0.06250   0.31667   0.23684   0.25000   0.01370   0.19512   0.48780
W   0.73913   0.60494   0.56098   0.31667   0.75000   1.00000   0.13699   0.66667   0.08333   0.53846   0.43860   0.38889   0.50000   0.43750   1.00000   0.57407   0.65385   0.70000   0.73529   0.70000
I   0.06045   0.33943   0.49127   0.43410   0.41935   0.37255   0.47755   0.51899   0.61520   0.29140   0.09311   0.21526   0.15120   0.17690   0.25293   0.41988   0.55915   0.23840   0.19570   0.17694
M   0.48235   0.35050   0.58537   0.29594   0.73626   0.25000   0.06774   0.18452   0.07895   0.26316   0.27243   0.14350   0.08333   0.76923   0.55392   0.01794   0.56098   0.30488   0.09129   0.04321
N   0.18794   0.17805   0.63226   0.29594   0.00641   0.10784   0.65016   0.34066   0.61285   0.42004   0.50989   0.09904   0.17582   0.57447   0.03774   0.26730   0.51252   0.30000   0.20063   0.03901
K   0.28487   0.39239   0.65086   0.15811   0.38065   0.11111   0.29487   0.00725   0.63006   0.00824   0.02413   0.21914   0.62304   0.60262   0.42804   0.11285   0.37076   0.24416   0.58445   0.37024
T   0.09302   0.05119   0.53846   0.03661   0.58904   0.08889   0.48834   0.47253   0.06069   0.14031   0.20844   0.24355   0.14667   0.69524   0.46367   0.15211   0.37986   0.30704   0.47734   0.34783
R   0.11599   0.41967   0.28213   0.58556   0.03390   0.43860   0.16377   0.23810   0.09404   0.24221   0.53009   0.44158   0.26255   0.68340   0.66753   0.47230   0.03687   0.62241   0.62018   0.51698
H   0.20231   0.23077   0.49738   0.15183   0.34066   0.83333   0.23368   0.14583   0.21918   0.12409   0.34066   0.16092   0.32407   0.61806   0.20988   0.10968   0.43056   0.25000   0.54167   0.04861
Q   0.46888   0.32344   0.34194   0.24454   0.23333   0.40000   0.55709   0.29487   0.27160   0.37255   0.80913   0.64032   0.27778   0.60145   0.82857   0.82857   0.63218   0.61979   0.73563   0.74089
P   0.34762   0.14144   0.04861   0.45114   0.55556   0.75000   0.00000   0.12281   0.00844   0.43629   0.05394   0.68865   0.00917   0.76000   0.05263   0.38462   0.51121   0.28216   0.64192   0.64744
V   0.12968   0.10502   0.21927   0.19584   0.26829   0.91667   0.18750   0.15432   0.32543   0.26078   0.24377   0.11969   0.31183   0.44444   0.28384   0.26292   0.03990   0.30867   0.24221   0.56145
D   0.08439   0.03171   0.53846   0.08645   0.34000   0.29487   0.57323   0.38272   0.51940   0.33828   0.11272   0.17012   0.31061   0.64216   0.10920   0.19942   0.52886   0.16667   0.24549   0.24528
E   0.07692   0.00234   0.41040   0.35549   0.34247   0.50000   0.09651   0.11111   0.08712   0.22878   0.04573   0.56032   0.16667   0.55392   0.63131   0.21132   0.22615   0.42216   0.54440   0.51495
A   0.57915   0.37120   0.28889   0.40674   0.10606   0.54902   0.07384   0.00917   0.03774   0.25705   0.29960   0.76726   0.32407   0.66359   0.56667   0.20563   0.58304   0.51698   0.65808   0.60000
G   0.46939   0.41035   0.34194   0.25613   0.22936   0.70000   0.10284   0.54444   0.25532   0.35015   0.11765   0.53355   0.14667   0.75983   0.34066   0.25705   0.40125   0.34853   0.73444   0.47981