64
TTT   0.259
TTA   0.333
TTC   0.392
TTG   0.381
TAT   0.452
TAA   0.136
TAC   0.410
TAG   0.116
TCT   0.202
TCA   0.456
TCC   0.282
TCG   0.419
TGT   0.136
TGA   0.135
TGC   0.496
TGG   0.026
ATT   0.528
ATA   0.443
ATC   0.364
ATG   0.226
AAT   0.568
AAA   0.497
AAC   0.220
AAG   0.431
ACT   0.029
ACA   0.143
ACC   0.330
ACG   0.386
AGT   0.161
AGA   0.032
AGC   0.435
AGG   0.127
CTT   0.384
CTA   0.373
CTC   0.388
CTG   0.149
CAT   0.145
CAA   0.313
CAC   0.476
CAG   0.170
CCT   0.097
CCA   0.211
CCC   0.466
CCG   0.627
CGT   0.062
CGA   0.338
CGC   0.395
CGG   0.631
GTT   0.294
GTA   0.017
GTC   0.176
GTG   0.448
GAT   0.499
GAA   0.492
GAC   0.252
GAG   0.333
GCT   0.022
GCA   0.052
GCC   0.398
GCG   0.454
GGT   0.092
GGA   0.217
GGC   0.458
GGG   0.149
-------------------------------------------------------------------
         F         L         Y         S         C         W         I         M         N         K         T         R         H         Q         P         V         D         E         A         G         
20
F   0.14216   0.02514   0.30000   0.17479   0.51020   0.46429   0.65261   0.27778   0.63385   0.75074   0.00830   0.44000   0.18333   0.29293   0.10069   0.53083   0.62162   0.73191   0.41853   0.21406
L   0.18295   0.09261   0.02692   0.09429   0.30337   0.39286   0.44723   0.18386   0.64797   0.66549   0.00570   0.28388   0.36496   0.10169   0.39937   0.01019   0.44028   0.39905   0.09928   0.11265
Y   0.03623   0.17073   0.10784   0.03125   0.41667   0.55128   0.03571   0.45556   0.61111   0.52469   0.26984   0.39119   0.08571   0.35185   0.43548   0.09205   0.27778   0.51075   0.10784   0.26667
S   0.22164   0.17980   0.31489   0.45745   0.37079   0.37500   0.51491   0.23333   0.44417   0.28269   0.27921   0.30251   0.55160   0.08414   0.34559   0.14265   0.35250   0.09014   0.23115   0.36942
C   0.31373   0.05991   0.59398   0.38078   0.62500   0.18333   0.14286   0.52381   0.38776   0.14286   0.58442   0.49845   0.14286   0.14286   0.25466   0.07471   0.19792   0.39496   0.65079   0.58621
W   0.84783   0.07429   0.02778   0.09774   0.26531   0.53846   0.22222   0.09259   0.18333   0.14286   0.20175   0.38776   0.02778   0.31429   0.42857   0.02778   0.19231   0.30000   0.23308   0.14286
I   0.50630   0.40615   0.07353   0.22181   0.22222   0.17647   0.68007   0.20175   0.42947   0.82697   0.48049   0.54795   0.60324   0.34296   0.47541   0.31714   0.44089   0.72853   0.20772   0.08469
M   0.31061   0.51287   0.03922   0.11864   0.57143   0.35714   0.41869   0.58333   0.76667   0.48988   0.30233   0.05830   0.38776   0.20408   0.10784   0.08969   0.35185   0.38596   0.20199   0.03571
N   0.78603   0.47103   0.04202   0.02318   0.41667   0.79412   0.59077   0.47500   0.46154   0.60465   0.16479   0.39617   0.20667   0.73191   0.39245   0.22150   0.47431   0.61290   0.34169   0.30258
K   0.85477   0.42410   0.61111   0.49487   0.12500   0.61111   0.61818   0.49275   0.27083   0.51524   0.47453   0.22166   0.12500   0.57205   0.30258   0.18375   0.62241   0.56364   0.54960   0.37024
T   0.08970   0.17868   0.33333   0.44459   0.59821   0.24370   0.34048   0.07639   0.31077   0.52226   0.36834   0.34522   0.40711   0.00000   0.49120   0.31900   0.40590   0.22817   0.51820   0.02250
R   0.14107   0.01096   0.29102   0.11034   0.64706   0.29193   0.30273   0.33333   0.00346   0.27336   0.28921   0.68279   0.37440   0.18038   0.22691   0.33275   0.31329   0.22006   0.27214   0.69783
H   0.34058   0.38953   0.19792   0.00617   0.18333   0.22222   0.24664   0.27083   0.44737   0.18333   0.40887   0.51397   0.22857   0.07639   0.35968   0.32020   0.26531   0.61905   0.25466   0.47445
Q   0.70954   0.33531   0.27143   0.29694   0.28571   0.30000   0.39446   0.37179   0.22222   0.31373   0.12044   0.34456   0.21739   0.45455   0.16996   0.33544   0.39655   0.34375   0.19816   0.40486
P   0.12134   0.17923   0.31944   0.10926   0.14286   0.14286   0.52226   0.04202   0.46383   0.13514   0.49476   0.44265   0.54812   0.37238   0.75032   0.10959   0.16479   0.12044   0.62885   0.52727
V   0.17479   0.12423   0.37447   0.00859   0.48052   0.02778   0.27027   0.22222   0.14696   0.36735   0.40133   0.48713   0.05102   0.30769   0.27532   0.21655   0.19740   0.08136   0.53686   0.26937
D   0.48387   0.25693   0.62500   0.20972   0.25758   0.55128   0.64343   0.65432   0.46637   0.43498   0.15309   0.04743   0.25758   0.55392   0.22321   0.17804   0.14229   0.20339   0.12342   0.19697
E   0.63158   0.30913   0.58824   0.35174   0.47253   0.61111   0.48071   0.22222   0.33195   0.50923   0.00949   0.01583   0.24167   0.10784   0.11607   0.12830   0.23322   0.21694   0.16216   0.30233
A   0.07722   0.18242   0.26829   0.28686   0.32653   0.47959   0.16856   0.14286   0.52453   0.45141   0.62117   0.18029   0.44898   0.03226   0.47500   0.49430   0.18375   0.00749   0.56517   0.43916
G   0.32653   0.09228   0.38235   0.36174   0.55556   0.28571   0.49453   0.49444   0.20000   0.29080   0.38511   0.59820   0.10714   0.26638   0.82558   0.43137   0.07524   0.03909   0.52277   0.44459