64
TTT   0.337
TTA   0.430
TTC   0.673
TTG   0.366
TAT   0.027
TAA   0.204
TAC   0.385
TAG   0.207
TCT   0.410
TCA   0.441
TCC   0.653
TCG   0.302
TGT   0.000
TGA   0.726
TGC   0.538
TGG   0.268
ATT   0.002
ATA   0.346
ATC   0.613
ATG   0.293
AAT   0.315
AAA   0.116
AAC   0.600
AAG   0.511
ACT   0.034
ACA   0.324
ACC   0.026
ACG   0.126
AGT   0.146
AGA   0.103
AGC   0.573
AGG   0.501
CTT   0.592
CTA   0.384
CTC   0.846
CTG   0.324
CAT   0.036
CAA   0.421
CAC   0.290
CAG   0.234
CCT   0.348
CCA   0.200
CCC   0.009
CCG   0.308
CGT   0.212
CGA   0.702
CGC   0.798
CGG   0.434
GTT   0.119
GTA   0.342
GTC   0.829
GTG   0.250
GAT   0.540
GAA   0.063
GAC   0.815
GAG   0.487
GCT   0.157
GCA   0.065
GCC   0.136
GCG   0.273
GGT   0.553
GGA   0.394
GGC   0.445
GGG   0.190
-------------------------------------------------------------------
         F         L         Y         S         C         W         I         M         N         K         T         R         H         Q         P         V         D         E         A         G         
20
F   0.25076   0.21920   0.43952   0.09703   0.29293   0.03279   0.20826   0.28125   0.20505   0.05379   0.02623   0.29798   0.22785   0.02459   0.02459   0.09091   0.02878   0.34174   0.53000   0.28058
L   0.17121   0.16943   0.54032   0.15123   0.21212   0.77011   0.21193   0.08257   0.02016   0.10480   0.17021   0.12131   0.02367   0.03827   0.12343   0.04598   0.35489   0.03636   0.20197   0.31261
Y   0.13589   0.01259   0.30500   0.01149   0.38384   0.75362   0.33690   0.80769   0.26087   0.31335   0.31010   0.07101   0.20183   0.54598   0.30201   0.22396   0.07576   0.37979   0.12579   0.10048
S   0.06103   0.18830   0.19259   0.28571   0.72973   0.11538   0.09306   0.52121   0.00733   0.07967   0.02714   0.03136   0.27049   0.52778   0.29070   0.17342   0.18269   0.02017   0.23519   0.21407
C   0.24638   0.09195   0.11594   0.32061   1.00000   0.55000   0.20183   0.41176   0.03279   0.19328   0.67213   0.57143   0.71429   0.15714   0.42308   0.35897   0.13333   0.61538   0.83607   0.24359
W   0.21212   0.37356   0.61538   0.39865   0.15000   0.15000   0.01266   0.70000   0.53378   0.65517   0.67213   0.42308   0.71429   0.54023   1.00000   0.50562   0.41573   0.11594   0.03846   0.18033
I   0.23045   0.14376   0.23873   0.19602   0.17708   0.51639   0.10726   0.02459   0.15327   0.02035   0.18353   0.26891   0.28571   0.16814   0.01261   0.06278   0.21193   0.13208   0.17342   0.20690
M   0.39695   0.37407   0.35246   0.40500   1.00000   0.23077   0.47647   0.15000   0.04587   0.17572   0.47847   0.28571   0.13333   0.47328   0.01266   0.01258   0.68750   0.24204   0.25448   0.04808
N   0.43669   0.16581   0.34853   0.13694   0.34177   0.54023   0.10314   0.11392   0.26384   0.14124   0.24939   0.36596   0.42529   0.34836   0.16667   0.12202   0.03824   0.16143   0.49885   0.19066
K   0.00337   0.01645   0.08852   0.04444   0.30088   0.14388   0.17188   0.53617   0.12072   0.21973   0.05217   0.15241   0.05755   0.32240   0.12185   0.11931   0.08257   0.31108   0.13445   0.21976
T   0.13665   0.19876   0.09174   0.43021   0.83607   0.11927   0.01073   0.61832   0.22454   0.21784   0.03136   0.32813   0.09091   0.49362   0.07122   0.13333   0.18689   0.48225   0.34957   0.28970
R   0.37019   0.04368   0.54587   0.45504   0.42308   0.86957   0.00000   0.30000   0.24255   0.44262   0.11798   0.22485   0.15714   0.79167   0.04808   0.44958   0.12838   0.17188   0.22581   0.16854
H   0.51923   0.01258   0.01429   0.21348   0.54545   0.42857   0.31461   0.10000   0.84733   0.04587   0.18033   0.35000   1.00000   0.20690   0.43333   0.31461   0.11864   0.11864   0.01266   0.18852
Q   0.12579   0.16807   0.19380   0.36486   0.71429   0.61538   0.26210   0.41176   0.22951   0.17073   0.25221   0.18852   0.57143   0.54598   0.27049   0.02979   0.43103   0.09174   0.43011   0.63525
P   0.07292   0.14621   0.45736   0.02979   0.88506   0.42857   0.40653   0.77011   0.33493   0.29646   0.22963   0.48739   0.55000   0.03279   0.24038   0.40323   0.05426   0.54386   0.03030   0.86434
V   0.04230   0.32650   0.18852   0.13793   0.22785   0.18033   0.04721   0.26351   0.51779   0.05743   0.00229   0.18852   0.11538   0.27982   0.00671   0.56677   0.42435   0.15880   0.14470   0.01276
D   0.06728   0.26891   0.04386   0.45168   0.50820   0.03846   0.21770   0.15714   0.11182   0.02466   0.40470   0.07576   0.64646   0.80702   0.33173   0.19121   0.53557   0.04281   0.67544   0.56092
E   0.02612   0.34242   0.17460   0.29508   0.55932   0.11538   0.11683   0.27879   0.03448   0.10952   0.29829   0.04587   0.58333   0.51148   0.60714   0.30093   0.27907   0.14052   0.50459   0.62720
A   0.03136   0.03941   0.24312   0.30026   0.85714   0.87261   0.07339   0.68349   0.14593   0.03361   0.04178   0.11000   0.01266   0.30314   0.33136   0.19823   0.64535   0.02918   0.89458   0.19955
G   0.52000   0.05946   0.26351   0.17811   0.64646   0.09195   0.16807   0.21348   0.28404   0.06897   0.24784   0.39035   0.34426   0.18579   0.86822   0.25124   0.33156   0.12567   0.35088   0.45289