64
TTT   0.491
TTA   0.826
TTC   0.668
TTG   0.404
TAT   0.600
TAA   0.242
TAC   0.574
TAG   0.235
TCT   0.420
TCA   0.023
TCC   0.903
TCG   0.590
TGT   0.391
TGA   0.813
TGC   0.866
TGG   0.363
ATT   0.536
ATA   0.685
ATC   0.722
ATG   0.346
AAT   0.652
AAA   0.641
AAC   0.482
AAG   0.244
ACT   0.287
ACA   0.211
ACC   0.705
ACG   0.273
AGT   0.293
AGA   0.298
AGC   0.681
AGG   0.182
CTT   0.588
CTA   0.063
CTC   0.957
CTG   0.811
CAT   0.333
CAA   0.223
CAC   0.785
CAG   0.380
CCT   0.018
CCA   0.506
CCC   0.879
CCG   0.782
CGT   0.068
CGA   0.872
CGC   0.948
CGG   0.775
GTT   0.515
GTA   0.538
GTC   0.904
GTG   0.659
GAT   0.657
GAA   0.504
GAC   0.799
GAG   0.653
GCT   0.406
GCA   0.211
GCC   0.795
GCG   0.418
GGT   0.643
GGA   0.460
GGC   0.622
GGG   0.476
-------------------------------------------------------------------
         F         L         Y         S         C         W         I         M         N         K         T         R         H         Q         P         V         D         E         A         G         
20
F   0.15932   0.19360   0.27419   0.14693   0.10000   0.30588   0.65289   0.27368   0.43218   0.49612   0.17508   0.19184   0.39231   0.41951   0.48261   0.36027   0.29856   0.69188   0.14545   0.31655
L   0.01643   0.19376   0.13962   0.04611   0.61176   0.75000   0.53807   0.12800   0.36420   0.57493   0.06250   0.60237   0.42712   0.02122   0.46279   0.00000   0.39432   0.23306   0.27893   0.11092
Y   0.37500   0.22166   0.49640   0.24419   0.04040   0.49275   0.59677   0.84615   0.62185   0.60490   0.06566   0.13333   0.12800   0.36800   0.06040   0.22819   0.24242   0.24157   0.14054   0.22872
S   0.26291   0.09058   0.03670   0.50600   0.84314   0.52414   0.36278   0.53529   0.32266   0.46504   0.08448   0.58445   0.59545   0.68602   0.51685   0.25709   0.50721   0.13545   0.24468   0.09939
C   0.34286   0.72759   0.18824   0.58605   1.00000   0.73333   0.35882   0.88235   0.54615   0.11765   0.86667   0.80645   0.90000   0.37895   0.80000   0.64286   0.71429   0.87500   0.94444   0.69744
W   0.49495   0.35882   0.00000   0.40667   0.00000   0.33333   0.24051   0.14286   0.13750   0.68421   0.81818   0.76923   0.60000   0.50000   1.00000   0.25833   0.43820   0.34286   0.41176   0.50000
I   0.43416   0.37074   0.62865   0.44034   0.34167   0.23729   0.50473   0.00833   0.62617   0.66617   0.43277   0.24370   0.64286   0.09574   0.27660   0.27354   0.73251   0.70356   0.02180   0.42118
M   0.12222   0.54201   0.01250   0.53333   1.00000   0.50000   0.24157   0.73333   0.61538   0.51550   0.45500   0.79592   0.81250   0.61667   0.63256   0.11667   0.72727   0.15000   0.27018   0.40000
N   0.31525   0.42906   0.44625   0.49550   0.24051   0.52941   0.54036   0.47333   0.41368   0.74781   0.25081   0.25500   0.50000   0.27673   0.20800   0.46950   0.61774   0.68610   0.01376   0.43510
K   0.47811   0.59539   0.58633   0.42829   0.28182   0.49580   0.63778   0.05217   0.66667   0.51360   0.52294   0.00946   0.13669   0.31452   0.06667   0.35961   0.59862   0.52519   0.73389   0.41860
T   0.05763   0.14570   0.06566   0.34405   0.95455   0.16154   0.43133   0.56522   0.51178   0.52851   0.39434   0.70615   0.75758   0.47111   0.18599   0.14123   0.23387   0.08148   0.18435   0.13305
R   0.20000   0.39623   0.36129   0.40228   0.86364   0.40000   0.11020   0.62963   0.39661   0.29794   0.61220   0.78715   0.76400   0.87055   0.75795   0.41809   0.41364   0.47000   0.56794   0.62047
H   0.68750   0.42182   0.20290   0.70333   0.78947   0.60000   0.31538   0.50000   0.76471   0.05217   0.52381   0.82979   0.28571   0.44800   0.88000   0.49143   0.30588   0.41000   0.63256   0.49231
Q   0.40252   0.28261   0.34109   0.39159   0.88235   0.45455   0.25403   0.32773   0.30851   0.05462   0.46178   0.66441   0.78571   0.69020   0.70724   0.08800   0.43429   0.07907   0.35102   0.60444
P   0.30196   0.37595   0.14000   0.56900   0.93750   0.80000   0.09792   0.85714   0.36818   0.26047   0.52074   0.75911   0.85185   0.78545   0.87028   0.45374   0.58252   0.30699   0.55902   0.32813
V   0.16404   0.05521   0.13913   0.08537   0.36800   0.54545   0.35622   0.41081   0.49605   0.47479   0.00683   0.48438   0.42500   0.32716   0.65668   0.37267   0.47130   0.36695   0.05379   0.23773
D   0.54128   0.33782   0.40789   0.39076   0.68421   0.23077   0.46483   0.43810   0.42446   0.71973   0.18860   0.26667   0.09091   0.62719   0.29492   0.43152   0.71344   0.20489   0.46272   0.49580
E   0.49627   0.23604   0.47115   0.10853   0.43810   0.42029   0.58520   0.28571   0.47044   0.49597   0.05923   0.37725   0.60000   0.27317   0.52857   0.37570   0.23773   0.24949   0.33211   0.31990
A   0.11871   0.15094   0.17431   0.55993   0.95652   0.82609   0.35963   0.52414   0.28571   0.63866   0.13443   0.65703   0.50625   0.23345   0.59666   0.01568   0.64147   0.25729   0.10149   0.11508
G   0.50476   0.06486   0.33486   0.16637   0.47895   0.12222   0.08333   0.34074   0.48357   0.51646   0.04670   0.50862   0.82222   0.30698   0.49412   0.34050   0.40318   0.14373   0.01535   0.03471