64
TTT   0.232
TTA   0.695
TTC   0.013
TTG   0.059
TAT   0.588
TAA   0.397
TAC   0.307
TAG   0.035
TCT   0.016
TCA   0.453
TCC   0.720
TCG   0.413
TGT   0.391
TGA   0.317
TGC   0.710
TGG   0.130
ATT   0.535
ATA   0.518
ATC   0.282
ATG   0.075
AAT   0.491
AAA   0.594
AAC   0.227
AAG   0.354
ACT   0.261
ACA   0.467
ACC   0.697
ACG   0.167
AGT   0.173
AGA   0.217
AGC   0.253
AGG   0.592
CTT   0.009
CTA   0.343
CTC   0.720
CTG   0.720
CAT   0.357
CAA   0.255
CAC   0.697
CAG   0.525
CCT   0.336
CCA   0.383
CCC   0.880
CCG   0.686
CGT   0.265
CGA   0.571
CGC   0.741
CGG   0.873
GTT   0.449
GTA   0.298
GTC   0.439
GTG   0.744
GAT   0.256
GAA   0.471
GAC   0.077
GAG   0.324
GCT   0.296
GCA   0.156
GCC   0.762
GCG   0.576
GGT   0.202
GGA   0.109
GGC   0.318
GGG   0.575
-------------------------------------------------------------------
         F         L         Y         S         C         W         I         M         N         K         T         R         H         Q         P         V         D         E         A         G         
20
F   0.10876   0.03175   0.22778   0.22970   0.36364   0.28235   0.56159   0.01042   0.28571   0.52323   0.19672   0.43265   0.53077   0.40488   0.46957   0.29630   0.27778   0.53191   0.45000   0.05000
L   0.18482   0.02930   0.46573   0.11020   0.69412   0.08046   0.41384   0.20000   0.37702   0.52516   0.11489   0.54748   0.44068   0.05867   0.52909   0.04598   0.06112   0.20412   0.09644   0.22684
Y   0.45993   0.21173   0.65000   0.25287   0.35789   0.51429   0.73262   0.20000   0.72050   0.42460   0.35540   0.19487   0.30400   0.28161   0.25714   0.40104   0.18033   0.52962   0.24865   0.30622
S   0.21500   0.10745   0.22222   0.30840   0.41961   0.46207   0.29739   0.02941   0.32763   0.41873   0.05894   0.57100   0.44545   0.33509   0.65730   0.10121   0.39706   0.11765   0.01241   0.12733
C   0.50476   0.70000   0.28235   0.39070   0.83750   0.88000   0.48824   0.80000   0.53077   0.08571   0.59333   0.54839   0.65000   0.26316   0.65333   0.44286   0.75238   0.67500   0.66111   0.60000
W   0.35897   0.02299   0.61538   0.01333   0.15000   0.43333   0.23077   0.74286   0.45946   0.08421   0.44545   0.60000   0.28571   0.08046   0.78750   0.63333   0.03846   0.41905   0.38824   0.39000
I   0.26471   0.26510   0.51220   0.30389   0.20000   0.63115   0.44523   0.01639   0.55850   0.67297   0.53688   0.03333   0.50000   0.24779   0.28571   0.22488   0.66057   0.74271   0.19144   0.27019
M   0.31298   0.26829   0.34426   0.21569   0.88750   0.35000   0.60294   0.77333   0.63303   0.60064   0.04306   0.71429   0.83750   0.27222   0.63721   0.12778   0.12727   0.10828   0.02105   0.36970
N   0.17736   0.31557   0.15000   0.41545   0.13333   0.02299   0.48750   0.53333   0.20354   0.78343   0.43765   0.14894   0.13000   0.52869   0.34000   0.39577   0.63235   0.62567   0.50575   0.54280
K   0.47635   0.58863   0.62295   0.45370   0.02655   0.56835   0.56261   0.51064   0.62090   0.62047   0.54783   0.16043   0.08397   0.53552   0.18039   0.43601   0.56250   0.67290   0.69256   0.54637
T   0.08385   0.06211   0.15138   0.13136   0.72273   0.26154   0.42516   0.12214   0.62141   0.63122   0.37473   0.56264   0.73333   0.04255   0.24396   0.00911   0.37705   0.43633   0.20256   0.18069
R   0.49615   0.36865   0.28899   0.67427   0.76364   0.92174   0.11020   0.74074   0.20339   0.20609   0.65795   0.83501   0.72000   0.37864   0.74572   0.67971   0.32727   0.36000   0.66551   0.68443
H   0.35000   0.42909   0.21429   0.76667   0.53684   0.30000   0.53077   0.55000   0.35115   0.09565   0.41905   0.88936   1.00000   0.30400   0.93200   0.65143   0.38824   0.48000   0.63721   0.37436
Q   0.31655   0.13768   0.18269   0.04207   0.58824   0.29487   0.01081   0.12500   0.46721   0.21603   0.28025   0.58644   0.50000   0.31765   0.59868   0.06000   0.00571   0.01376   0.12186   0.07787
P   0.24706   0.26908   0.53333   0.55577   0.45625   0.65000   0.34211   0.37857   0.05000   0.04867   0.37788   0.87652   0.93333   0.77818   0.82923   0.67401   0.60518   0.68389   0.57238   0.90885
V   0.19940   0.28715   0.05738   0.05747   0.51200   0.44545   0.32432   0.20000   0.04314   0.50495   0.00911   0.36458   0.35000   0.51543   0.65899   0.30941   0.08157   0.24745   0.19071   0.24745
D   0.50820   0.09425   0.38073   0.10000   0.35789   0.20000   0.58134   0.33333   0.48882   0.71264   0.51697   0.32222   0.61111   0.48235   0.52881   0.29712   0.38298   0.16933   0.39592   0.12917
E   0.48276   0.49763   0.56349   0.37158   0.75238   0.48718   0.63366   0.48485   0.45153   0.55117   0.33985   0.34731   0.04000   0.32787   0.16667   0.10695   0.05424   0.12679   0.25824   0.45185
A   0.14634   0.11611   0.08333   0.37110   0.69565   0.26752   0.30891   0.33486   0.38995   0.62609   0.09670   0.61464   0.51250   0.09091   0.73031   0.21080   0.01081   0.23497   0.90528   0.29167
G   0.03077   0.00575   0.51014   0.31485   0.81579   0.03333   0.09244   0.48148   0.27869   0.54981   0.28297   0.70043   0.72889   0.14884   0.93333   0.11921   0.10714   0.25134   0.34076   0.43322