64
TTT   0.084
TTA   0.133
TTC   0.353
TTG   0.048
TAT   0.021
TAA   0.176
TAC   0.242
TAG   0.243
TCT   0.232
TCA   0.034
TCC   0.009
TCG   0.461
TGT   0.696
TGA   0.444
TGC   0.317
TGG   0.014
ATT   0.143
ATA   0.118
ATC   0.469
ATG   0.130
AAT   0.020
AAA   0.285
AAC   0.049
AAG   0.111
ACT   0.380
ACA   0.122
ACC   0.248
ACG   0.282
AGT   0.142
AGA   0.241
AGC   0.437
AGG   0.185
CTT   0.349
CTA   0.204
CTC   0.259
CTG   0.146
CAT   0.225
CAA   0.058
CAC   0.279
CAG   0.164
CCT   0.456
CCA   0.074
CCC   0.244
CCG   0.473
CGT   0.026
CGA   0.315
CGC   0.289
CGG   0.418
GTT   0.273
GTA   0.007
GTC   0.128
GTG   0.334
GAT   0.283
GAA   0.000
GAC   0.081
GAG   0.397
GCT   0.053
GCA   0.176
GCC   0.048
GCG   0.438
GGT   0.092
GGA   0.199
GGC   0.114
GGG   0.717
-------------------------------------------------------------------
         F         L         Y         S         C         W         I         M         N         K         T         R         H         Q         P         V         D         E         A         G         
20
F   0.20229   0.25518   0.43060   0.20485   0.50769   0.21538   0.28032   0.30693   0.23077   0.04852   0.10512   0.23125   0.33043   0.23737   0.26506   0.42291   0.33962   0.26341   0.04270   0.03030
L   0.01518   0.31267   0.42263   0.14098   0.50323   0.20438   0.03226   0.29769   0.16811   0.02577   0.12953   0.08529   0.46528   0.39234   0.03206   0.23723   0.26208   0.10956   0.12185   0.07415
Y   0.20438   0.04497   0.11386   0.17708   0.76064   0.10000   0.09028   0.20000   0.13761   0.38614   0.30252   0.08482   0.07843   0.40892   0.01538   0.33438   0.09091   0.33526   0.02083   0.00625
S   0.15419   0.01314   0.17492   0.02602   0.11702   0.10891   0.38870   0.29688   0.14555   0.04911   0.14356   0.32923   0.32222   0.07801   0.21782   0.08829   0.16667   0.26902   0.07748   0.26107
C   0.35849   0.47195   0.71667   0.42449   0.72892   0.60000   0.47799   0.74000   0.76923   0.00000   0.75385   0.58537   0.26437   0.78161   0.11494   0.81851   0.66225   0.55446   0.73148   0.66474
W   0.11392   0.04046   0.13253   0.13253   0.55814   0.40909   0.50980   0.68889   0.68750   0.40984   0.09375   0.19444   0.10000   0.50000   0.83333   0.51899   0.36000   0.32813   0.11628   0.81818
I   0.28000   0.02037   0.60961   0.09766   0.39416   0.60843   0.06436   0.01538   0.32366   0.38710   0.11676   0.23828   0.11304   0.02609   0.33969   0.21253   0.47500   0.58594   0.35798   0.14455
M   0.02837   0.06699   0.02985   0.38791   0.70769   0.10000   0.50459   0.18261   0.59375   0.09896   0.42525   0.12717   0.48000   0.47486   0.41935   0.16729   0.28689   0.05556   0.11832   0.50625
N   0.26073   0.18597   0.35294   0.25503   0.67179   0.35443   0.13621   0.05556   0.18329   0.36524   0.03125   0.14516   0.11111   0.12626   0.22634   0.32662   0.35156   0.39241   0.21508   0.13542
K   0.10400   0.23696   0.27228   0.34450   0.58333   0.02532   0.45833   0.45455   0.26551   0.46997   0.29905   0.40284   0.32245   0.40199   0.03352   0.18958   0.16667   0.48312   0.49076   0.02646
T   0.09512   0.33039   0.03571   0.17455   0.68914   0.27778   0.25729   0.34416   0.43976   0.21281   0.39916   0.36299   0.18333   0.22254   0.23344   0.05151   0.00364   0.02065   0.12846   0.09512
R   0.29018   0.26667   0.27374   0.22892   0.68750   0.17143   0.16667   0.43038   0.28571   0.35849   0.16883   0.07921   0.12222   0.23853   0.39157   0.19733   0.26012   0.37436   0.02532   0.30800
H   0.47692   0.04950   0.25000   0.41627   0.63889   0.47222   0.00813   0.25581   0.35849   0.05738   0.65347   0.53901   0.16667   0.14179   0.37500   0.65625   0.00000   0.13793   0.47967   0.05738
Q   0.19277   0.11245   0.32500   0.15909   0.70769   0.13793   0.00000   0.25904   0.07229   0.41156   0.36634   0.16763   0.39416   0.01515   0.52778   0.09130   0.06504   0.09091   0.31564   0.28244
P   0.16270   0.11186   0.00813   0.24855   0.05556   0.05263   0.04380   0.10000   0.02083   0.28968   0.22993   0.34337   0.11111   0.61111   0.34343   0.24911   0.30808   0.20130   0.03030   0.48936
V   0.17801   0.44444   0.41361   0.09040   0.70385   0.09375   0.33816   0.47847   0.21364   0.02885   0.31794   0.19385   0.21538   0.39416   0.41325   0.47067   0.07733   0.13077   0.04545   0.16351
D   0.19802   0.04265   0.25000   0.00743   0.42574   0.01961   0.06489   0.13253   0.15625   0.41667   0.26849   0.30808   0.11702   0.16522   0.60769   0.15616   0.54660   0.43544   0.17197   0.33128
E   0.17431   0.35879   0.21354   0.27311   0.91824   0.58571   0.20809   0.35075   0.45928   0.33923   0.09184   0.51673   0.33043   0.43866   0.02190   0.14451   0.30808   0.06931   0.01563   0.30252
A   0.16763   0.10460   0.30743   0.08989   0.41627   0.38298   0.39746   0.22901   0.09241   0.47770   0.15114   0.19355   0.12222   0.11111   0.06696   0.00426   0.19792   0.54830   0.12917   0.46476
G   0.11932   0.33277   0.04615   0.05682   0.78808   0.27778   0.52542   0.36875   0.35185   0.48884   0.24431   0.45148   0.37500   0.24783   0.85556   0.20913   0.13531   0.10753   0.23678   0.19553