64
TTT   0.300
TTA   0.628
TTC   0.353
TTG   0.214
TAT   0.262
TAA   0.242
TAC   0.157
TAG   0.207
TCT   0.052
TCA   0.147
TCC   0.602
TCG   0.529
TGT   0.350
TGA   0.542
TGC   0.468
TGG   0.149
ATT   0.391
ATA   0.217
ATC   0.567
ATG   0.206
AAT   0.262
AAA   0.503
AAC   0.075
AAG   0.092
ACT   0.506
ACA   0.384
ACC   0.597
ACG   0.437
AGT   0.417
AGA   0.138
AGC   0.099
AGG   0.472
CTT   0.205
CTA   0.688
CTC   0.662
CTG   0.697
CAT   0.449
CAA   0.275
CAC   0.540
CAG   0.425
CCT   0.047
CCA   0.339
CCC   0.765
CCG   0.595
CGT   0.533
CGA   0.546
CGC   0.667
CGG   0.850
GTT   0.180
GTA   0.462
GTC   0.518
GTG   0.649
GAT   0.145
GAA   0.309
GAC   0.161
GAG   0.097
GCT   0.482
GCA   0.283
GCC   0.669
GCG   0.516
GGT   0.065
GGA   0.304
GGC   0.142
GGG   0.620
-------------------------------------------------------------------
         F         L         Y         S         C         W         I         M         N         K         T         R         H         Q         P         V         D         E         A         G         
20
F   0.38369   0.28484   0.07333   0.30891   0.02778   0.01639   0.15866   0.23810   0.22462   0.17604   0.20984   0.57231   0.49167   0.38384   0.52896   0.27614   0.04074   0.00000   0.21750   0.36102
L   0.06420   0.15093   0.48992   0.05510   0.58065   0.41379   0.27023   0.10314   0.04062   0.38184   0.25816   0.50245   0.05172   0.32398   0.08179   0.02299   0.04215   0.27787   0.18062   0.29116
Y   0.51916   0.47959   0.49000   0.16858   0.01639   0.78205   0.56684   0.42222   0.49689   0.35714   0.51916   0.33191   0.09375   0.37931   0.44086   0.11521   0.31148   0.35192   0.31863   0.00476
S   0.05250   0.13617   0.12963   0.00401   0.11905   0.53571   0.09733   0.21429   0.01467   0.50000   0.00835   0.35506   0.03175   0.10954   0.58876   0.25378   0.23824   0.04225   0.15799   0.28599
C   0.49020   0.57353   0.11475   0.24713   0.69048   0.85000   0.23684   0.43333   0.01639   0.31250   0.36458   0.56790   0.63542   0.14286   0.56667   0.55172   0.72917   0.63889   0.07576   0.07143
W   0.43478   0.06897   0.65385   0.18919   0.52778   0.59524   0.38095   0.83333   0.59459   0.10345   0.46491   0.42222   0.02778   0.44828   0.76389   0.59259   0.33333   0.32222   0.49020   0.01639
I   0.05793   0.04271   0.28920   0.04417   0.46667   0.16393   0.03357   0.06557   0.29581   0.35320   0.16467   0.48924   0.71660   0.18412   0.44965   0.06459   0.18277   0.38079   0.24099   0.04658
M   0.00758   0.46535   0.16393   0.32203   0.81250   0.27778   0.15000   0.89881   0.03670   0.21086   0.30565   0.68610   0.56667   0.40458   0.61765   0.29596   0.11111   0.27389   0.13620   0.35802
N   0.04803   0.18648   0.43000   0.38413   0.66667   0.14706   0.18750   0.41667   0.08502   0.43315   0.45477   0.24920   0.42000   0.03689   0.37736   0.07251   0.25588   0.41979   0.26667   0.47276
K   0.18581   0.53735   0.46885   0.09815   0.15044   0.48201   0.33962   0.41277   0.60656   0.54931   0.35130   0.05793   0.45038   0.37432   0.22878   0.38612   0.39750   0.48598   0.39644   0.41734
T   0.06522   0.15062   0.42202   0.30870   0.32222   0.06250   0.19089   0.09028   0.15144   0.42196   0.28784   0.44986   0.70667   0.10638   0.07668   0.30805   0.11148   0.25887   0.11497   0.15345
R   0.58934   0.39751   0.04803   0.68603   0.54386   0.92105   0.45906   0.79167   0.18685   0.32319   0.55014   0.74059   0.72973   0.25869   0.72987   0.65435   0.31797   0.20332   0.43027   0.44151
H   0.24638   0.25238   0.27083   0.56790   0.26667   0.35185   0.72646   0.90625   0.12977   0.13333   0.49167   0.85057   1.00000   0.39583   0.89506   0.55797   0.63889   0.07692   0.35000   0.15278
Q   0.42324   0.05602   0.01923   0.22635   0.41667   0.61538   0.36678   0.10256   0.33607   0.28920   0.06224   0.51779   0.44444   0.20690   0.41905   0.10638   0.00000   0.11927   0.37634   0.01215
P   0.08571   0.04963   0.51389   0.51143   0.39583   0.67593   0.40653   0.23684   0.11064   0.12741   0.10741   0.83905   0.91667   0.59333   0.47475   0.54462   0.45291   0.56846   0.16157   0.77564
V   0.05158   0.25219   0.03689   0.05255   0.49167   0.43519   0.07692   0.08642   0.22045   0.32079   0.17011   0.05792   0.58065   0.12778   0.35371   0.37303   0.14026   0.30867   0.12689   0.05542
D   0.28852   0.08736   0.22936   0.33248   0.07576   0.33333   0.10766   0.56790   0.28754   0.48736   0.19843   0.24066   0.73485   0.78431   0.20115   0.11502   0.07115   0.24920   0.46570   0.21132
E   0.05364   0.49408   0.19048   0.39071   0.45833   0.07692   0.33267   0.12727   0.38520   0.51346   0.23472   0.41555   0.20000   0.33115   0.21429   0.29144   0.01413   0.11241   0.04074   0.50831
A   0.09756   0.19048   0.08333   0.13933   0.46970   0.35032   0.13069   0.50459   0.36603   0.44522   0.35509   0.48849   0.27778   0.07834   0.46190   0.21634   0.35336   0.27596   0.83607   0.17367
G   0.26531   0.03512   0.31081   0.04178   0.58333   0.03333   0.21882   0.61111   0.31148   0.35441   0.09689   0.55591   0.59333   0.20087   0.71667   0.29581   0.21003   0.17914   0.18581   0.21378