64
TTT   0.088
TTA   0.181
TTC   0.361
TTG   0.164
TAT   0.442
TAA   0.204
TAC   0.415
TAG   0.235
TCT   0.037
TCA   0.359
TCC   0.297
TCG   0.198
TGT   0.064
TGA   0.329
TGC   0.454
TGG   0.023
ATT   0.236
ATA   0.385
ATC   0.397
ATG   0.141
AAT   0.311
AAA   0.183
AAC   0.164
AAG   0.288
ACT   0.331
ACA   0.135
ACC   0.249
ACG   0.324
AGT   0.296
AGA   0.325
AGC   0.327
AGG   0.227
CTT   0.198
CTA   0.526
CTC   0.173
CTG   0.075
CAT   0.143
CAA   0.027
CAC   0.340
CAG   0.173
CCT   0.303
CCA   0.067
CCC   0.491
CCG   0.224
CGT   0.364
CGA   0.057
CGC   0.223
CGG   0.151
GTT   0.328
GTA   0.234
GTC   0.141
GTG   0.272
GAT   0.363
GAA   0.235
GAC   0.090
GAG   0.252
GCT   0.265
GCA   0.151
GCC   0.283
GCG   0.125
GGT   0.147
GGA   0.379
GGC   0.205
GGG   0.104
-------------------------------------------------------------------
         F         L         Y         S         C         W         I         M         N         K         T         R         H         Q         P         V         D         E         A         G         
20
F   0.30847   0.30754   0.16667   0.10283   0.34545   0.29412   0.47891   0.24603   0.44615   0.42136   0.01633   0.24615   0.07692   0.03415   0.11197   0.49062   0.24710   0.53191   0.29712   0.39297
L   0.12890   0.17580   0.04528   0.05831   0.27059   0.36250   0.19678   0.10800   0.40232   0.23186   0.16186   0.09050   0.41017   0.28184   0.48714   0.02353   0.10070   0.09267   0.25964   0.08319
Y   0.10968   0.33981   0.31373   0.10138   0.36842   0.55128   0.38272   0.27778   0.44444   0.10494   0.25405   0.17021   0.23200   0.13600   0.24731   0.47005   0.16000   0.27419   0.09314   0.30952
S   0.17150   0.03218   0.10638   0.31117   0.34118   0.13690   0.36578   0.19048   0.31762   0.13982   0.06680   0.33483   0.42727   0.25330   0.16667   0.16975   0.20849   0.15493   0.16844   0.37691
C   0.02857   0.29655   0.36471   0.19070   0.47500   0.20000   0.32941   0.64706   0.53846   0.37143   0.36000   0.04321   0.04000   0.36842   0.20000   0.19540   0.08571   0.10000   0.63333   0.56923
W   0.63768   0.04706   0.10000   0.20000   0.44444   0.28571   0.52381   0.35185   0.25000   0.17895   0.03509   0.30769   0.30556   0.40000   0.10000   0.10000   0.35897   0.14286   0.16667   0.40000
I   0.30730   0.23231   0.31373   0.27172   0.33333   0.55882   0.42596   0.05000   0.37304   0.49438   0.44559   0.47162   0.43320   0.38628   0.22951   0.17136   0.58466   0.58449   0.06128   0.23453
M   0.31818   0.26931   0.21569   0.13559   0.40000   0.10000   0.53287   0.55357   0.61905   0.49393   0.33555   0.08980   0.62500   0.56667   0.05116   0.19283   0.01818   0.18571   0.15439   0.01818
N   0.13585   0.15869   0.32941   0.05085   0.61538   0.16667   0.36923   0.20000   0.27126   0.61794   0.03043   0.36102   0.33333   0.51064   0.05660   0.34853   0.50593   0.35484   0.32602   0.13284
K   0.35685   0.11084   0.29012   0.39425   0.12727   0.16667   0.33766   0.16667   0.03646   0.15789   0.30295   0.20907   0.40000   0.25764   0.05904   0.08127   0.27386   0.36364   0.49062   0.22145
T   0.01993   0.09437   0.31892   0.20416   0.59091   0.30769   0.28954   0.20139   0.55385   0.36202   0.12200   0.20501   0.09091   0.06667   0.30193   0.31435   0.29889   0.23944   0.29424   0.03218
R   0.18495   0.04571   0.32314   0.03611   0.48182   0.00870   0.39206   0.19643   0.02034   0.14749   0.23965   0.36398   0.03475   0.16181   0.05868   0.07335   0.01364   0.19667   0.41289   0.43497
H   0.13750   0.23636   0.42708   0.46000   0.36842   0.07407   0.41704   0.79167   0.25439   0.04167   0.12500   0.25957   0.35185   0.13194   0.35200   0.21143   0.40972   0.52000   0.44186   0.26154
Q   0.60581   0.18599   0.16667   0.25890   0.29412   0.45455   0.35986   0.02500   0.19753   0.09333   0.23248   0.14237   0.10000   0.45882   0.30921   0.16000   0.00571   0.10698   0.28980   0.08907
P   0.17647   0.23092   0.04000   0.09074   0.10000   0.07407   0.09792   0.18571   0.06383   0.16988   0.44470   0.23279   0.20000   0.45455   0.67488   0.28414   0.27832   0.26748   0.48998   0.59375
V   0.24069   0.04674   0.02128   0.00520   0.04000   0.01818   0.37630   0.12432   0.18530   0.27114   0.17768   0.32552   0.35484   0.44444   0.47235   0.09213   0.21039   0.08136   0.29340   0.28916
D   0.30876   0.00756   0.19643   0.25831   0.30526   0.16667   0.53083   0.35185   0.28251   0.43946   0.39739   0.10741   0.31818   0.58333   0.41017   0.20578   0.42688   0.09615   0.11552   0.09434
E   0.45344   0.00703   0.46078   0.03043   0.54286   0.44444   0.45104   0.40972   0.10788   0.07749   0.13738   0.10456   0.16667   0.00488   0.05714   0.20659   0.04068   0.22495   0.28846   0.10299
A   0.05405   0.28447   0.00000   0.26929   0.42609   0.11304   0.20501   0.25517   0.03774   0.32602   0.41745   0.24663   0.32500   0.01364   0.49881   0.38153   0.34629   0.05357   0.42219   0.41468
G   0.24198   0.04067   0.28922   0.34347   0.55789   0.00000   0.29103   0.25000   0.04545   0.30267   0.20604   0.32543   0.33333   0.06114   0.76471   0.20050   0.29467   0.08795   0.46325   0.27911