64
TTT   0.063
TTA   0.176
TTC   0.190
TTG   0.206
TAT   0.458
TAA   0.157
TAC   0.198
TAG   0.127
TCT   0.335
TCA   0.176
TCC   0.369
TCG   0.582
TGT   0.659
TGA   0.144
TGC   0.008
TGG   0.339
ATT   0.107
ATA   0.567
ATC   0.059
ATG   0.119
AAT   0.347
AAA   0.093
AAC   0.119
AAG   0.355
ACT   0.078
ACA   0.206
ACC   0.205
ACG   0.201
AGT   0.075
AGA   0.387
AGC   0.582
AGG   0.420
CTT   0.233
CTA   0.205
CTC   0.166
CTG   0.246
CAT   0.402
CAA   0.456
CAC   0.008
CAG   0.686
CCT   0.017
CCA   0.267
CCC   0.090
CCG   0.245
CGT   0.167
CGA   0.188
CGC   0.620
CGG   0.273
GTT   0.217
GTA   0.123
GTC   0.156
GTG   0.085
GAT   0.173
GAA   0.085
GAC   0.042
GAG   0.420
GCT   0.621
GCA   0.589
GCC   0.330
GCG   0.012
GGT   0.562
GGA   0.331
GGC   0.603
GGG   0.705
-------------------------------------------------------------------
         F         L         Y         S         C         W         I         M         N         K         T         R         H         Q         P         V         D         E         A         G         
20
F   0.44275   0.14469   0.46844   0.09692   0.18644   0.47059   0.21730   0.45313   0.41589   0.00536   0.28841   0.32489   0.06098   0.58586   0.10949   0.20122   0.23989   0.55610   0.35688   0.10714
L   0.01302   0.10890   0.62406   0.06448   0.37398   0.00000   0.21151   0.36554   0.04192   0.23174   0.14583   0.46853   0.55491   0.18018   0.30661   0.03091   0.01859   0.19347   0.49272   0.43487
Y   0.17424   0.27168   0.48266   0.53529   0.80263   0.02174   0.50379   0.34307   0.46829   0.54634   0.54396   0.35737   0.06422   0.56134   0.43860   0.48537   0.25000   0.42500   0.05208   0.43262
S   0.17241   0.07503   0.40334   0.25814   0.04046   0.90000   0.28162   0.03906   0.21730   0.02455   0.21053   0.22695   0.32967   0.58156   0.27744   0.02767   0.06667   0.10631   0.55469   0.13054
C   0.13559   0.37255   0.65068   0.22527   0.20000   0.27778   0.73226   0.79688   0.73988   0.16058   0.64835   0.53211   0.41284   0.70312   0.06098   0.77632   0.60156   0.38356   0.29268   0.64634
W   0.48571   0.61446   0.01205   0.01205   0.52632   1.00000   0.30137   0.60000   0.18182   0.70492   0.33333   0.05172   0.60000   0.53448   1.00000   0.17391   0.15625   0.57812   0.28947   0.76623
I   0.32976   0.40142   0.16958   0.46444   0.73226   0.61446   0.63897   0.45992   0.45959   0.06210   0.01117   0.36160   0.64948   0.00870   0.17868   0.47774   0.32394   0.18987   0.29580   0.11611
M   0.44706   0.15897   0.45528   0.42005   0.89560   0.40000   0.29677   0.16058   0.29825   0.05208   0.27243   0.09424   0.52727   0.89944   0.51075   0.18587   0.50407   0.37805   0.16412   0.03125
N   0.20567   0.03206   0.50323   0.20525   0.58710   0.43956   0.67600   0.43956   0.41850   0.23507   0.29670   0.34043   0.47253   0.49495   0.04706   0.28162   0.50674   0.23548   0.28771   0.26562
K   0.25816   0.25037   0.68319   0.34609   0.41935   0.16883   0.12088   0.30808   0.22351   0.45345   0.30667   0.26540   0.13089   0.69767   0.56704   0.33542   0.23238   0.38608   0.73950   0.51852
T   0.22443   0.02260   0.10989   0.13636   0.62100   0.08889   0.20027   0.43590   0.46243   0.26177   0.25641   0.32197   0.12925   0.76208   0.36214   0.36945   0.37071   0.27434   0.56423   0.27557
R   0.20567   0.26491   0.43887   0.03030   0.61864   0.08571   0.12760   0.64844   0.49843   0.40970   0.14583   0.34043   0.52880   0.62385   0.22892   0.33555   0.38756   0.25410   0.45992   0.48800
H   0.41040   0.05208   0.49738   0.36126   0.71429   0.52632   0.58076   0.60976   0.30137   0.10949   0.61538   0.03425   0.18889   0.58955   0.64844   0.50323   0.29268   0.09375   0.14063   0.10949
Q   0.04478   0.48416   0.03125   0.50852   0.58696   0.68966   0.42857   0.66867   0.23377   0.56463   0.76042   0.47399   0.08791   0.72222   0.64706   0.84348   0.44348   0.63131   0.87151   0.75573
P   0.35071   0.12846   0.10949   0.23699   0.37255   0.28947   0.22255   0.55000   0.18987   0.18436   0.07456   0.07627   0.11927   0.48571   0.05263   0.05213   0.44949   0.10983   0.63393   0.42708
V   0.21696   0.17712   0.25581   0.12618   0.53049   0.85938   0.04670   0.20438   0.25431   0.10345   0.28906   0.12977   0.20312   0.39759   0.11828   0.17380   0.13716   0.00510   0.56719   0.56872
D   0.02469   0.02844   0.20879   0.37150   0.42000   0.07273   0.70023   0.17000   0.44828   0.12240   0.05205   0.01000   0.08791   0.23958   0.67097   0.03757   0.26071   0.15315   0.33439   0.58848
E   0.04386   0.23979   0.44509   0.50000   0.82192   0.48571   0.07239   0.04478   0.14007   0.38348   0.10366   0.39033   0.23000   0.66171   0.45522   0.39595   0.09589   0.22340   0.53906   0.12048
A   0.68497   0.56764   0.37561   0.45679   0.03279   0.20690   0.13975   0.58397   0.07273   0.55948   0.57805   0.63600   0.18889   0.69959   0.59375   0.39615   0.59028   0.63636   0.69583   0.77524
G   0.48295   0.46387   0.40000   0.22443   0.70642   0.70000   0.22787   0.48750   0.25397   0.55578   0.30137   0.38397   0.29688   0.76087   0.71429   0.43029   0.27099   0.07000   0.85287   0.38827