64
TTT   0.481
TTA   0.752
TTC   0.061
TTG   0.212
TAT   0.596
TAA   0.345
TAC   0.301
TAG   0.104
TCT   0.244
TCA   0.536
TCC   0.714
TCG   0.727
TGT   0.438
TGA   0.470
TGC   0.732
TGG   0.171
ATT   0.713
ATA   0.564
ATC   0.320
ATG   0.025
AAT   0.681
AAA   0.750
AAC   0.278
AAG   0.484
ACT   0.491
ACA   0.472
ACC   0.730
ACG   0.654
AGT   0.306
AGA   0.109
AGC   0.373
AGG   0.539
CTT   0.510
CTA   0.503
CTC   0.793
CTG   0.743
CAT   0.355
CAA   0.502
CAC   0.759
CAG   0.523
CCT   0.052
CCA   0.161
CCC   0.875
CCG   0.849
CGT   0.562
CGA   0.699
CGC   0.799
CGG   0.945
GTT   0.421
GTA   0.471
GTC   0.603
GTG   0.806
GAT   0.414
GAA   0.649
GAC   0.109
GAG   0.398
GCT   0.471
GCA   0.321
GCC   0.800
GCG   0.736
GGT   0.151
GGA   0.111
GGC   0.535
GGG   0.676
-------------------------------------------------------------------
         F         L         Y         S         C         W         I         M         N         K         T         R         H         Q         P         V         D         E         A         G         
20
F   0.47130   0.26639   0.24460   0.42970   0.52381   0.45536   0.70772   0.05208   0.52778   0.79462   0.21639   0.23626   0.37755   0.12857   0.57639   0.35185   0.63704   0.73191   0.54500   0.18699
L   0.23541   0.06426   0.47581   0.14420   0.70787   0.03448   0.59661   0.09000   0.63306   0.79322   0.25390   0.64369   0.39781   0.24745   0.44849   0.01293   0.41565   0.56604   0.09031   0.20117
Y   0.53659   0.37245   0.54500   0.14176   0.42623   0.51429   0.55080   0.05769   0.80435   0.69444   0.34146   0.59326   0.17143   0.59770   0.00952   0.19665   0.50273   0.68293   0.23626   0.26316
S   0.26250   0.29149   0.40370   0.45527   0.44569   0.25714   0.46261   0.02424   0.45232   0.64134   0.27314   0.55016   0.56584   0.18447   0.73088   0.36023   0.15000   0.05000   0.08689   0.11684
C   0.25714   0.59908   0.54135   0.53381   0.88393   0.81633   0.34586   0.73016   0.37755   0.19792   0.73593   0.78328   0.68750   0.00000   0.67702   0.51553   0.66234   0.78151   0.67725   0.61576
W   0.73077   0.00571   0.66346   0.10135   0.65306   0.81319   0.20408   0.81633   0.66892   0.04396   0.32967   0.64626   0.00000   0.19540   0.86508   0.58095   0.17460   0.03175   0.60902   0.12857
I   0.47594   0.43152   0.34146   0.25618   0.31429   0.31148   0.69081   0.25410   0.59823   0.88808   0.56604   0.11494   0.28571   0.19469   0.04681   0.36124   0.54308   0.83190   0.39865   0.12733
M   0.30534   0.08889   0.19672   0.23077   0.91964   0.53571   0.50588   0.75714   0.77523   0.59744   0.00476   0.66667   0.73469   0.25191   0.57143   0.22660   0.27083   0.55414   0.07616   0.38095
N   0.77523   0.56967   0.40500   0.36952   0.42857   0.75862   0.66750   0.10000   0.41150   0.77589   0.34719   0.19574   0.26891   0.74180   0.02424   0.27795   0.60882   0.77540   0.51724   0.63230
K   0.88176   0.73356   0.79344   0.54444   0.25664   0.79856   0.74786   0.70213   0.71311   0.78152   0.65913   0.17380   0.51908   0.73224   0.09569   0.49892   0.77250   0.77570   0.72816   0.63306
T   0.14907   0.03303   0.13303   0.19657   0.72768   0.19328   0.46638   0.01504   0.41514   0.72384   0.55016   0.63977   0.82609   0.10638   0.44894   0.01584   0.47213   0.42797   0.45560   0.17250
R   0.52190   0.40411   0.32508   0.72067   0.83901   0.94410   0.22420   0.68750   0.18403   0.50820   0.68024   0.91771   0.83092   0.39241   0.79116   0.76937   0.53165   0.37864   0.58531   0.83124
H   0.12500   0.54360   0.09091   0.56522   0.10204   0.16667   0.63690   0.87143   0.51908   0.05769   0.69951   0.92737   1.00000   0.34586   0.93281   0.69951   0.73469   0.58730   0.51553   0.55474
Q   0.49640   0.37255   0.25714   0.45608   0.58333   0.73077   0.04372   0.30000   0.48361   0.51220   0.17518   0.68394   0.56522   0.31225   0.51779   0.25633   0.39655   0.42202   0.22222   0.39754
P   0.19665   0.21996   0.28571   0.56481   0.48214   0.72222   0.19500   0.26891   0.39713   0.00885   0.43396   0.91029   0.96234   0.74477   0.86885   0.59452   0.54307   0.62044   0.68882   0.89394
V   0.12991   0.34509   0.39754   0.04433   0.73593   0.41905   0.20946   0.14865   0.08614   0.57030   0.27861   0.51683   0.60204   0.39615   0.53165   0.50880   0.06647   0.24745   0.46955   0.30986
D   0.63279   0.32184   0.71101   0.15534   0.19672   0.32692   0.68182   0.20000   0.61981   0.71034   0.32115   0.27668   0.64286   0.51648   0.37946   0.07122   0.07660   0.05751   0.53165   0.36667
E   0.65134   0.65047   0.66667   0.06011   0.71429   0.64103   0.65347   0.32121   0.58929   0.76122   0.22738   0.42480   0.05208   0.40328   0.11111   0.38235   0.22222   0.11777   0.19630   0.29524
A   0.16725   0.00985   0.32927   0.38622   0.64286   0.19898   0.27723   0.42202   0.69856   0.69565   0.41258   0.58071   0.60204   0.04762   0.71750   0.35470   0.20779   0.27049   0.92872   0.32129
G   0.08333   0.12416   0.57432   0.33391   0.81481   0.30952   0.35294   0.23077   0.44918   0.54215   0.44468   0.82157   0.63690   0.08197   0.95058   0.19251   0.14576   0.21123   0.41386   0.56332