64
TTT   0.083
TTA   0.202
TTC   0.091
TTG   0.134
TAT   0.211
TAA   0.323
TAC   0.393
TAG   0.230
TCT   0.148
TCA   0.006
TCC   0.261
TCG   0.577
TGT   0.673
TGA   0.254
TGC   0.531
TGG   0.111
ATT   0.299
ATA   0.245
ATC   0.206
ATG   0.006
AAT   0.065
AAA   0.421
AAC   0.216
AAG   0.164
ACT   0.199
ACA   0.082
ACC   0.346
ACG   0.346
AGT   0.090
AGA   0.227
AGC   0.435
AGG   0.357
CTT   0.258
CTA   0.185
CTC   0.640
CTG   0.424
CAT   0.382
CAA   0.043
CAC   0.577
CAG   0.214
CCT   0.327
CCA   0.321
CCC   0.319
CCG   0.477
CGT   0.083
CGA   0.420
CGC   0.117
CGG   0.323
GTT   0.239
GTA   0.071
GTC   0.334
GTG   0.649
GAT   0.007
GAA   0.445
GAC   0.225
GAG   0.141
GCT   0.048
GCA   0.026
GCC   0.465
GCG   0.405
GGT   0.307
GGA   0.356
GGC   0.193
GGG   0.449
-------------------------------------------------------------------
         F         L         Y         S         C         W         I         M         N         K         T         R         H         Q         P         V         D         E         A         G         
20
F   0.36858   0.22169   0.50534   0.28515   0.64103   0.06154   0.44259   0.04950   0.22462   0.13692   0.08133   0.11511   0.46957   0.19205   0.26506   0.40529   0.09259   0.35745   0.29750   0.13420
L   0.11673   0.31533   0.12702   0.07855   0.74839   0.21264   0.25587   0.42197   0.14038   0.10832   0.08679   0.34968   0.42708   0.28467   0.27950   0.15328   0.02934   0.34477   0.08145   0.11472
Y   0.04530   0.07908   0.00990   0.09375   0.67553   0.66000   0.22995   0.27778   0.41615   0.16832   0.17073   0.29911   0.07447   0.08621   0.20000   0.39432   0.01639   0.39721   0.26064   0.23923
S   0.11894   0.10957   0.10891   0.20027   0.21277   0.22772   0.36000   0.08333   0.22494   0.24735   0.21860   0.11692   0.32222   0.03077   0.39604   0.20000   0.04412   0.07609   0.00359   0.38327
C   0.67296   0.71287   0.66111   0.46531   0.84337   0.86154   0.45283   0.66000   0.68718   0.16522   0.76538   0.43089   0.59770   0.19540   0.40230   0.72242   0.82781   0.74257   0.71759   0.54913
W   0.01266   0.00575   0.30769   0.51351   0.60465   0.22727   0.35897   0.35714   0.02703   0.17241   0.29885   0.27778   0.30000   0.66667   0.52778   0.44304   0.03846   0.29508   0.17308   0.77049
I   0.51872   0.15022   0.54704   0.18375   0.29927   0.46721   0.28622   0.06154   0.33113   0.47529   0.19554   0.25287   0.39130   0.00885   0.26383   0.06488   0.34204   0.72727   0.13964   0.10803
M   0.04380   0.35407   0.06154   0.49622   0.86154   0.48000   0.68235   0.81915   0.70183   0.44728   0.17225   0.53642   0.48000   0.28244   0.27778   0.29911   0.09375   0.31210   0.17204   0.24038
N   0.28053   0.20392   0.15966   0.06681   0.73333   0.09195   0.35000   0.35185   0.25413   0.52542   0.24205   0.32340   0.19444   0.29098   0.12234   0.25951   0.51176   0.61497   0.35402   0.35409
K   0.24324   0.25195   0.33770   0.23889   0.47685   0.43165   0.55403   0.54043   0.39344   0.55930   0.36000   0.32620   0.46531   0.50820   0.39595   0.15618   0.38750   0.67290   0.50971   0.25806
T   0.17224   0.18789   0.13492   0.00653   0.77154   0.32292   0.06074   0.22901   0.13316   0.28302   0.59804   0.31673   0.75556   0.32081   0.01262   0.18539   0.10164   0.30689   0.07487   0.14910
R   0.17610   0.03908   0.40367   0.39759   0.63889   0.84483   0.11020   0.55696   0.04681   0.44262   0.32035   0.35149   0.11392   0.13542   0.02885   0.65067   0.14451   0.01538   0.16883   0.14451
H   0.46667   0.48185   0.02778   0.66507   0.38889   0.02778   0.50407   0.79070   0.17610   0.09565   0.69802   0.60000   1.00000   0.24348   0.76389   0.72768   0.10345   0.03846   0.36585   0.05738
Q   0.16265   0.28313   0.03704   0.00000   0.46154   0.35897   0.18304   0.43089   0.31967   0.39721   0.25413   0.15278   0.48905   0.10769   0.43519   0.11064   0.29310   0.17431   0.12186   0.22951
P   0.23810   0.14318   0.43089   0.09615   0.19444   0.02778   0.27007   0.42529   0.10048   0.10317   0.01460   0.63253   0.91667   0.66111   0.20000   0.47331   0.10949   0.15447   0.16883   0.81383
V   0.13351   0.54815   0.36126   0.20690   0.76538   0.04918   0.07432   0.29187   0.44545   0.20000   0.22735   0.24923   0.40000   0.42701   0.53312   0.62800   0.11733   0.13520   0.31470   0.09949
D   0.00656   0.07126   0.00917   0.02247   0.39604   0.03846   0.41388   0.02778   0.30990   0.48506   0.30287   0.25137   0.62766   0.61739   0.06475   0.10224   0.23404   0.39936   0.43077   0.35692
E   0.31034   0.57227   0.40079   0.34973   0.83648   0.62821   0.45743   0.47273   0.57653   0.59785   0.34719   0.40367   0.16522   0.50492   0.45635   0.20856   0.50896   0.29040   0.06667   0.37815
A   0.00347   0.05140   0.44257   0.28277   0.66507   0.40127   0.34257   0.07339   0.27512   0.51130   0.20704   0.35484   0.01266   0.07407   0.45933   0.03412   0.20779   0.56557   0.83254   0.21289
G   0.18710   0.23946   0.34122   0.13316   0.76821   0.25287   0.29412   0.30693   0.19672   0.51724   0.45963   0.06475   0.57639   0.05464   0.90556   0.13878   0.16832   0.55615   0.10843   0.12991