64
TTT   0.324
TTA   0.186
TTC   0.049
TTG   0.259
TAT   0.018
TAA   0.079
TAC   0.008
TAG   0.135
TCT   0.231
TCA   0.150
TCC   0.021
TCG   0.534
TGT   0.077
TGA   0.224
TGC   0.077
TGG   0.048
ATT   0.382
ATA   0.095
ATC   0.052
ATG   0.099
AAT   0.373
AAA   0.384
AAC   0.066
AAG   0.201
ACT   0.311
ACA   0.010
ACC   0.109
ACG   0.585
AGT   0.161
AGA   0.303
AGC   0.160
AGG   0.115
CTT   0.506
CTA   0.243
CTC   0.260
CTG   0.080
CAT   0.003
CAA   0.332
CAC   0.207
CAG   0.003
CCT   0.371
CCA   0.264
CCC   0.046
CCG   0.519
CGT   0.403
CGA   0.298
CGC   0.221
CGG   0.565
GTT   0.049
GTA   0.247
GTC   0.292
GTG   0.242
GAT   0.213
GAA   0.337
GAC   0.177
GAG   0.109
GCT   0.248
GCA   0.195
GCC   0.161
GCG   0.376
GGT   0.060
GGA   0.208
GGC   0.318
GGG   0.238
-------------------------------------------------------------------
         F         L         Y         S         C         W         I         M         N         K         T         R         H         Q         P         V         D         E         A         G         
20
F   0.40678   0.28968   0.41667   0.25964   0.25170   0.24107   0.33333   0.04211   0.33889   0.56923   0.02449   0.25714   0.24615   0.31707   0.20139   0.07895   0.49744   0.42727   0.17273   0.22764
L   0.06205   0.09168   0.01887   0.03821   0.04494   0.04762   0.31180   0.27200   0.41100   0.56452   0.15705   0.21262   0.07119   0.20054   0.14614   0.03348   0.37760   0.45474   0.17804   0.03214
Y   0.14194   0.20388   0.23077   0.12946   0.63158   0.00000   0.40476   0.24615   0.30000   0.46897   0.02116   0.49482   0.16000   0.44000   0.25000   0.51883   0.39333   0.32593   0.01622   0.05844
S   0.06051   0.20620   0.23333   0.21236   0.04494   0.27586   0.23515   0.05294   0.18545   0.38298   0.22762   0.04634   0.21708   0.18470   0.21471   0.28818   0.48750   0.07121   0.07541   0.01188
C   0.33333   0.25172   0.36090   0.23488   0.28571   0.34667   0.21765   0.25882   0.24615   0.26667   0.35065   0.52012   0.10714   0.26316   0.06832   0.13043   0.26667   0.32773   0.04762   0.03941
W   0.58000   0.02857   0.12500   0.11333   0.59184   0.67033   0.38776   0.28571   0.38750   0.04211   0.17273   0.11565   0.28571   0.12500   0.36508   0.12500   0.20635   0.40000   0.36090   0.30000
I   0.28727   0.22645   0.25926   0.06413   0.14286   0.46429   0.44268   0.24167   0.09000   0.65778   0.06296   0.14444   0.30000   0.06593   0.31915   0.17593   0.25714   0.34667   0.25627   0.16370
M   0.01099   0.33333   0.18367   0.01923   0.28571   0.28571   0.19643   0.06667   0.38750   0.00794   0.04762   0.14286   0.38750   0.45556   0.15349   0.11330   0.36364   0.50000   0.05629   0.01786
N   0.81509   0.37126   0.30000   0.07285   0.34066   0.75294   0.35122   0.58000   0.26111   0.03361   0.13858   0.05500   0.15966   0.45217   0.35600   0.16318   0.06015   0.40000   0.02326   0.19574
K   0.77419   0.35230   0.45217   0.16610   0.23636   0.53333   0.42353   0.39130   0.24324   0.42434   0.24615   0.01592   0.47500   0.42353   0.25882   0.11154   0.48000   0.31429   0.11579   0.19111
T   0.07119   0.09309   0.02116   0.30211   0.01786   0.08462   0.07170   0.13534   0.35268   0.25116   0.28056   0.17636   0.34783   0.06667   0.27113   0.00679   0.15263   0.01460   0.31732   0.00990
R   0.05109   0.05616   0.52012   0.14246   0.31889   0.28571   0.12811   0.17037   0.02373   0.38053   0.06517   0.50126   0.39614   0.02215   0.17871   0.27993   0.30380   0.02913   0.19338   0.46522
H   0.43125   0.20058   0.28571   0.46333   0.48421   0.16000   0.22619   0.71429   0.25882   0.14783   0.48276   0.34358   0.50000   0.06015   0.01186   0.13793   0.56633   0.20635   0.25116   0.28832
Q   0.26316   0.45894   0.39286   0.47896   0.01176   0.61818   0.05405   0.38750   0.03077   0.37778   0.12739   0.23575   0.13043   0.00784   0.16776   0.20886   0.40000   0.41395   0.11429   0.34667
P   0.06275   0.06298   0.34667   0.02037   0.04762   0.20635   0.47039   0.15000   0.42727   0.04018   0.09015   0.27353   0.43515   0.13091   0.23203   0.19604   0.13592   0.16717   0.27229   0.14063
V   0.07986   0.08129   0.36087   0.01375   0.45887   0.04545   0.14530   0.31892   0.04494   0.13200   0.27197   0.23960   0.38776   0.19753   0.27189   0.28873   0.01618   0.00000   0.34455   0.48063
D   0.25333   0.25127   0.53333   0.06149   0.48421   0.46154   0.24000   0.46667   0.25625   0.00794   0.28846   0.06296   0.08163   0.06593   0.24068   0.34718   0.33180   0.11864   0.22468   0.27273
E   0.32593   0.30425   0.23636   0.33140   0.13333   0.30000   0.05405   0.24107   0.25116   0.46800   0.14557   0.11873   0.09000   0.11220   0.06250   0.30838   0.26441   0.01022   0.40385   0.22222
A   0.02449   0.12482   0.26829   0.02404   0.14783   0.41327   0.04384   0.13103   0.50588   0.18605   0.34969   0.08092   0.18367   0.04545   0.04535   0.18234   0.19913   0.04643   0.24745   0.04183
G   0.11154   0.12919   0.13103   0.02783   0.00526   0.28571   0.28704   0.32593   0.23636   0.01674   0.22553   0.40436   0.25333   0.21860   0.25872   0.28877   0.23729   0.05085   0.11089   0.22955