64
TTT   0.296
TTA   0.618
TTC   0.080
TTG   0.079
TAT   0.478
TAA   0.109
TAC   0.124
TAG   0.257
TCT   0.161
TCA   0.450
TCC   0.621
TCG   0.752
TGT   0.463
TGA   0.490
TGC   0.381
TGG   0.226
ATT   0.336
ATA   0.362
ATC   0.430
ATG   0.070
AAT   0.456
AAA   0.298
AAC   0.014
AAG   0.227
ACT   0.408
ACA   0.510
ACC   0.537
ACG   0.456
AGT   0.247
AGA   0.013
AGC   0.577
AGG   0.366
CTT   0.264
CTA   0.194
CTC   0.223
CTG   0.514
CAT   0.040
CAA   0.221
CAC   0.282
CAG   0.396
CCT   0.013
CCA   0.091
CCC   0.824
CCG   0.835
CGT   0.199
CGA   0.751
CGC   0.772
CGG   0.812
GTT   0.581
GTA   0.244
GTC   0.157
GTG   0.271
GAT   0.250
GAA   0.045
GAC   0.160
GAG   0.420
GCT   0.330
GCA   0.134
GCC   0.556
GCG   0.748
GGT   0.447
GGA   0.426
GGC   0.450
GGG   0.766
-------------------------------------------------------------------
         F         L         Y         S         C         W         I         M         N         K         T         R         H         Q         P         V         D         E         A         G         
20
F   0.29153   0.19617   0.35943   0.07198   0.43590   0.23529   0.21348   0.05941   0.44615   0.44759   0.26205   0.49796   0.11538   0.26341   0.27826   0.58150   0.20408   0.27152   0.21708   0.17749
L   0.07709   0.29467   0.38799   0.03435   0.17742   0.14375   0.21228   0.27746   0.46447   0.46748   0.19171   0.30415   0.02373   0.32664   0.34641   0.19221   0.03275   0.17672   0.01632   0.12665
Y   0.43431   0.14404   0.65347   0.32292   0.49468   0.30000   0.65278   0.09722   0.52128   0.52145   0.22269   0.12946   0.24800   0.21384   0.07143   0.63722   0.16667   0.21965   0.01596   0.08805
S   0.30837   0.00238   0.30693   0.44691   0.26275   0.30345   0.08911   0.05556   0.13249   0.22770   0.16966   0.51420   0.18182   0.31398   0.43258   0.10991   0.36923   0.18478   0.01596   0.46180
C   0.33962   0.04290   0.52778   0.12245   0.03614   0.13333   0.06471   0.41176   0.33333   0.08696   0.42308   0.20645   0.13000   0.08421   0.42000   0.50178   0.30464   0.20792   0.16667   0.11282
W   0.36709   0.01734   0.44444   0.52000   0.53488   0.26667   0.16667   0.60000   0.44444   0.24211   0.20909   0.44615   0.50000   0.63750   0.55000   0.34167   0.00000   0.59048   0.49412   0.86000
I   0.34545   0.13518   0.07143   0.14719   0.12409   0.30769   0.22277   0.07692   0.33993   0.37673   0.42431   0.27778   0.17857   0.24107   0.47416   0.27517   0.48413   0.05660   0.06021   0.34903
M   0.34307   0.11722   0.38462   0.35768   0.18750   0.20000   0.20000   0.20213   0.18750   0.27746   0.13500   0.38367   0.68750   0.47778   0.49767   0.19643   0.20909   0.22857   0.18947   0.52121
N   0.12541   0.45514   0.28571   0.37360   0.69231   0.07059   0.21154   0.28000   0.40594   0.54365   0.25806   0.20500   0.07407   0.33526   0.24800   0.55257   0.24699   0.02778   0.23488   0.29217
K   0.30804   0.45007   0.43069   0.28224   0.49074   0.24051   0.01923   0.06087   0.37500   0.13881   0.29348   0.19745   0.51020   0.05556   0.26301   0.33162   0.28571   0.00000   0.37294   0.38859
T   0.24165   0.23834   0.26587   0.13703   0.17603   0.50000   0.38799   0.12174   0.56325   0.48565   0.35714   0.35991   0.08333   0.34971   0.23430   0.17790   0.30657   0.18675   0.26226   0.03713
R   0.38846   0.39332   0.16129   0.45928   0.34545   0.49565   0.00000   0.41481   0.24068   0.29794   0.49673   0.74559   0.68400   0.46278   0.75306   0.08313   0.21364   0.35000   0.59756   0.63113
H   0.17949   0.09241   0.23611   0.30333   0.24211   0.28000   0.05385   0.53488   0.46541   0.00000   0.48020   0.72340   0.35185   0.08000   0.71200   0.21875   0.31765   0.50000   0.42791   0.41026
Q   0.42771   0.16867   0.21296   0.04207   0.23529   0.09091   0.17411   0.34959   0.21687   0.23111   0.03503   0.51186   0.02143   0.23529   0.28947   0.16400   0.29714   0.16279   0.00000   0.16444
P   0.01176   0.14695   0.18000   0.50851   0.32500   0.64000   0.09868   0.64286   0.14545   0.14683   0.36866   0.66397   0.20000   0.34545   0.78654   0.38106   0.55663   0.62614   0.48552   0.51042
V   0.30628   0.36614   0.39791   0.15854   0.51923   0.47273   0.27007   0.11483   0.42045   0.38119   0.22025   0.15365   0.07692   0.15432   0.26959   0.46133   0.18933   0.12979   0.15321   0.16431
D   0.50495   0.02475   0.37500   0.07931   0.05941   0.23077   0.28571   0.31429   0.25926   0.44196   0.30712   0.49259   0.04255   0.26087   0.55932   0.21708   0.19444   0.27692   0.05769   0.26154
E   0.25000   0.14858   0.27152   0.03361   0.33962   0.27500   0.32482   0.02299   0.22791   0.10400   0.01111   0.61078   0.13043   0.26341   0.34762   0.11377   0.53559   0.38037   0.30769   0.11852
A   0.14931   0.06821   0.39189   0.12315   0.09130   0.18261   0.04871   0.28218   0.15842   0.23488   0.12215   0.40270   0.50625   0.01818   0.50119   0.18293   0.19913   0.43214   0.43437   0.44246
G   0.16129   0.23507   0.25641   0.40608   0.20526   0.27778   0.22222   0.25185   0.10204   0.06746   0.24638   0.71983   0.36000   0.19535   0.29412   0.24144   0.25743   0.40714   0.26058   0.50685