64
TTT   0.023
TTA   0.050
TTC   0.201
TTG   0.166
TAT   0.446
TAA   0.305
TAC   0.056
TAG   0.340
TCT   0.134
TCA   0.203
TCC   0.375
TCG   0.775
TGT   0.107
TGA   0.351
TGC   0.312
TGG   0.330
ATT   0.235
ATA   0.618
ATC   0.500
ATG   0.234
AAT   0.360
AAA   0.212
AAC   0.073
AAG   0.275
ACT   0.328
ACA   0.303
ACC   0.055
ACG   0.426
AGT   0.206
AGA   0.192
AGC   0.257
AGG   0.288
CTT   0.501
CTA   0.368
CTC   0.381
CTG   0.356
CAT   0.229
CAA   0.488
CAC   0.285
CAG   0.624
CCT   0.465
CCA   0.208
CCC   0.312
CCG   0.602
CGT   0.145
CGA   0.444
CGC   0.466
CGG   0.200
GTT   0.431
GTA   0.128
GTC   0.264
GTG   0.273
GAT   0.407
GAA   0.085
GAC   0.040
GAG   0.037
GCT   0.600
GCA   0.502
GCC   0.363
GCG   0.445
GGT   0.602
GGA   0.465
GGC   0.552
GGG   0.039
-------------------------------------------------------------------
         F         L         Y         S         C         W         I         M         N         K         T         R         H         Q         P         V         D         E         A         G         
20
F   0.30144   0.12919   0.06645   0.11951   0.39487   0.58462   0.43671   0.21094   0.24065   0.05362   0.20482   0.48101   0.28696   0.45695   0.17470   0.27753   0.13121   0.39735   0.38434   0.13420
L   0.00220   0.22867   0.34887   0.08178   0.20645   0.20438   0.23695   0.09661   0.13172   0.25153   0.25648   0.51386   0.16763   0.50182   0.28364   0.21290   0.24811   0.09424   0.42232   0.38961
Y   0.03650   0.30443   0.41618   0.43529   0.17544   0.08000   0.45455   0.47445   0.54146   0.26098   0.34615   0.29781   0.13761   0.25786   0.42982   0.22683   0.31818   0.13500   0.03191   0.43617
S   0.02155   0.06271   0.27685   0.27744   0.07979   0.91089   0.56086   0.26829   0.33122   0.02517   0.07820   0.13231   0.01099   0.54615   0.07622   0.11351   0.10714   0.18207   0.58919   0.15013
C   0.25786   0.15842   0.18889   0.25714   0.78313   0.44615   0.48710   0.21875   0.11282   0.16058   0.30000   0.11382   0.20183   0.26437   0.05747   0.18861   0.15232   0.27723   0.62037   0.05202
W   0.54430   0.63006   0.12195   0.12195   0.79070   1.00000   0.65753   0.22222   0.61806   0.50000   0.26437   0.23611   0.64000   0.06897   1.00000   0.41772   0.46000   0.37209   0.37209   0.22222
I   0.51743   0.41362   0.67581   0.51674   0.55806   0.01538   0.61414   0.45148   0.63450   0.42516   0.12663   0.51372   0.60481   0.01754   0.45768   0.33680   0.64507   0.66456   0.08831   0.03217
M   0.46275   0.21531   0.47154   0.05251   0.64286   0.46000   0.65161   0.31387   0.71491   0.04945   0.21005   0.20942   0.09091   0.80851   0.15741   0.02232   0.64634   0.34146   0.05195   0.49032
N   0.06931   0.21207   0.23226   0.06264   0.20513   0.13187   0.72013   0.40659   0.52508   0.51445   0.31868   0.43617   0.40659   0.42197   0.26275   0.06264   0.68015   0.53548   0.09253   0.15060
K   0.33531   0.01757   0.56466   0.00243   0.28241   0.18987   0.52381   0.21168   0.42967   0.03022   0.01087   0.18710   0.22041   0.49444   0.55202   0.17995   0.36031   0.15808   0.48845   0.50543
T   0.29820   0.34552   0.07692   0.28711   0.17978   0.20732   0.40604   0.63004   0.04046   0.06220   0.55322   0.06050   0.28889   0.81503   0.51104   0.33521   0.37300   0.25904   0.50000   0.34447
R   0.43617   0.00239   0.59248   0.20482   0.18056   0.09375   0.27300   0.38281   0.29781   0.07983   0.29004   0.28369   0.58639   0.50602   0.21094   0.46667   0.17225   0.53333   0.44589   0.26012
H   0.11282   0.09901   0.62304   0.08612   0.20879   0.75000   0.57732   0.47561   0.08176   0.16058   0.09901   0.55479   0.32407   0.52174   0.43750   0.30804   0.29268   0.21875   0.55285   0.16058
Q   0.22892   0.54217   0.30323   0.41554   0.29231   0.64000   0.42857   0.55285   0.28916   0.26012   0.84818   0.36806   0.33577   0.71795   0.83333   0.82775   0.47967   0.59444   0.81224   0.65957
P   0.45635   0.22595   0.10219   0.01515   0.40741   0.25000   0.18694   0.50000   0.20675   0.42063   0.16788   0.28916   0.00917   0.80000   0.37799   0.28826   0.20438   0.28902   0.64502   0.70745
V   0.04738   0.32487   0.21204   0.03934   0.36923   0.84483   0.30574   0.34450   0.05172   0.12931   0.51510   0.29846   0.01538   0.63504   0.48265   0.56267   0.06484   0.13520   0.54658   0.48442
D   0.21782   0.01463   0.40659   0.37617   0.00990   0.09091   0.71968   0.28000   0.53448   0.33531   0.22832   0.31500   0.03191   0.36522   0.16129   0.18786   0.66480   0.33333   0.19615   0.38462
E   0.21053   0.15654   0.56358   0.31214   0.54088   0.19444   0.26542   0.32031   0.37121   0.06696   0.18598   0.20732   0.13043   0.39735   0.46715   0.29392   0.37443   0.27723   0.53175   0.38655
A   0.62153   0.51713   0.56757   0.50562   0.43541   0.51064   0.29958   0.46040   0.15842   0.15658   0.64182   0.70645   0.07595   0.66204   0.56459   0.39872   0.48918   0.19497   0.65072   0.58007
G   0.41290   0.19647   0.37097   0.17771   0.27815   0.58462   0.38537   0.18812   0.13121   0.13095   0.47205   0.10959   0.11111   0.68208   0.49444   0.54943   0.36964   0.17000   0.80723   0.23958