64
TTT   0.312
TTA   0.637
TTC   0.264
TTG   0.095
TAT   0.711
TAA   0.381
TAC   0.072
TAG   0.112
TCT   0.273
TCA   0.310
TCC   0.393
TCG   0.092
TGT   0.399
TGA   0.215
TGC   0.574
TGG   0.481
ATT   0.492
ATA   0.756
ATC   0.123
ATG   0.177
AAT   0.652
AAA   0.447
AAC   0.086
AAG   0.062
ACT   0.120
ACA   0.298
ACC   0.510
ACG   0.051
AGT   0.051
AGA   0.203
AGC   0.686
AGG   0.549
CTT   0.321
CTA   0.491
CTC   0.519
CTG   0.687
CAT   0.259
CAA   0.342
CAC   0.487
CAG   0.773
CCT   0.472
CCA   0.280
CCC   0.744
CCG   0.587
CGT   0.315
CGA   0.553
CGC   0.878
CGG   0.765
GTT   0.263
GTA   0.341
GTC   0.380
GTG   0.470
GAT   0.555
GAA   0.127
GAC   0.194
GAG   0.441
GCT   0.403
GCA   0.425
GCC   0.717
GCG   0.545
GGT   0.281
GGA   0.067
GGC   0.754
GGG   0.757
-------------------------------------------------------------------
         F         L         Y         S         C         W         I         M         N         K         T         R         H         Q         P         V         D         E         A         G         
20
F   0.50508   0.07692   0.40199   0.05122   0.06780   0.68235   0.55696   0.25781   0.57944   0.47721   0.07197   0.03265   0.36923   0.60000   0.40435   0.42073   0.30851   0.17273   0.21364   0.05000
L   0.07912   0.08557   0.60150   0.11332   0.03529   0.31875   0.39893   0.34726   0.38323   0.28852   0.08013   0.66172   0.14740   0.26016   0.53180   0.02560   0.27273   0.25431   0.43175   0.46692
Y   0.41288   0.40462   0.79769   0.61765   0.58333   0.23913   0.81061   0.52555   0.78049   0.64634   0.49176   0.38871   0.12800   0.05600   0.38596   0.71951   0.43182   0.32500   0.01622   0.48582
S   0.32328   0.06047   0.49881   0.23453   0.32157   0.93793   0.51790   0.30894   0.41983   0.24714   0.23459   0.57848   0.17273   0.68865   0.38577   0.00405   0.43681   0.00332   0.59574   0.36672
C   0.11017   0.12069   0.41781   0.15349   0.77500   0.52000   0.45161   0.24706   0.24855   0.23358   0.17582   0.29677   0.08257   0.32632   0.45333   0.38596   0.17969   0.08750   0.54444   0.15897
W   0.28000   0.62353   0.51220   0.45333   0.55000   1.00000   0.58904   0.48571   0.31250   0.62105   0.41818   0.57692   0.28000   0.66250   1.00000   0.61667   0.46000   0.74286   0.68235   0.82000
I   0.26273   0.49289   0.65087   0.58787   0.61290   0.29688   0.70010   0.49367   0.75875   0.64172   0.49721   0.32668   0.51890   0.25439   0.03040   0.51929   0.81690   0.68354   0.14320   0.36997
M   0.64706   0.11111   0.67480   0.39141   0.56044   0.32500   0.56452   0.45255   0.64912   0.31319   0.08676   0.22041   0.65625   0.90000   0.57674   0.17808   0.55285   0.14634   0.23158   0.06061
N   0.06028   0.30849   0.45161   0.33174   0.61290   0.06593   0.77933   0.17582   0.71787   0.77842   0.49451   0.29078   0.45055   0.13043   0.01961   0.52267   0.75915   0.54839   0.15686   0.16667
K   0.54006   0.45974   0.75216   0.28049   0.29032   0.06250   0.53297   0.16058   0.64355   0.16484   0.28571   0.01274   0.37173   0.46471   0.39216   0.18495   0.54308   0.15808   0.18421   0.19111
T   0.07458   0.14073   0.32234   0.17391   0.00455   0.36923   0.63649   0.57875   0.58092   0.45153   0.30501   0.39863   0.22424   0.71556   0.62560   0.19134   0.56522   0.08889   0.63113   0.36881
R   0.07801   0.39187   0.51411   0.57003   0.46364   0.44348   0.27300   0.05185   0.07524   0.35398   0.64270   0.64484   0.23600   0.73463   0.68704   0.51100   0.05000   0.69667   0.77700   0.72708
H   0.07514   0.00727   0.71204   0.36333   0.04211   0.82000   0.55326   0.75610   0.41781   0.16058   0.42308   0.37872   0.04110   0.56000   0.48800   0.11429   0.03529   0.36000   0.74419   0.29744
Q   0.25781   0.44928   0.45161   0.44013   0.45882   0.67273   0.30811   0.31250   0.09231   0.43111   0.85350   0.69153   0.35000   0.78431   0.88158   0.85600   0.63429   0.66047   0.81224   0.71556
P   0.46275   0.33969   0.08667   0.50095   0.60000   0.73000   0.09792   0.28571   0.07173   0.32093   0.47465   0.76113   0.19259   0.86909   0.65681   0.55947   0.64725   0.47416   0.81737   0.85677
V   0.33915   0.06113   0.23588   0.19164   0.23780   0.91818   0.49324   0.25946   0.45043   0.46121   0.37813   0.40625   0.06250   0.69136   0.62212   0.18812   0.24190   0.24745   0.46455   0.38305
D   0.36709   0.03902   0.62912   0.32243   0.05000   0.15385   0.79977   0.04762   0.65517   0.62908   0.46532   0.25926   0.01099   0.14118   0.47458   0.36416   0.72998   0.07801   0.14694   0.16667
E   0.40789   0.00935   0.68208   0.33526   0.30476   0.10000   0.50402   0.33594   0.18561   0.16400   0.17683   0.50898   0.00000   0.55610   0.65238   0.37425   0.25763   0.55215   0.67582   0.45926
A   0.55510   0.55007   0.28889   0.56650   0.48696   0.60000   0.26371   0.24828   0.00000   0.09283   0.59198   0.82466   0.54375   0.66818   0.78282   0.50871   0.36216   0.54286   0.80244   0.76587
G   0.30000   0.38536   0.53226   0.51163   0.42632   0.70000   0.20976   0.39259   0.21986   0.06809   0.29945   0.68534   0.43111   0.74419   0.64314   0.40602   0.15111   0.28571   0.85746   0.62500