64
TTT   0.525
TTA   0.689
TTC   0.033
TTG   0.318
TAT   0.488
TAA   0.032
TAC   0.131
TAG   0.141
TCT   0.355
TCA   0.533
TCC   0.613
TCG   0.884
TGT   0.419
TGA   0.605
TGC   0.429
TGG   0.263
ATT   0.590
ATA   0.423
ATC   0.460
ATG   0.031
AAT   0.659
AAA   0.568
AAC   0.079
AAG   0.382
ACT   0.592
ACA   0.515
ACC   0.587
ACG   0.774
AGT   0.368
AGA   0.312
AGC   0.645
AGG   0.283
CTT   0.637
CTA   0.390
CTC   0.425
CTG   0.553
CAT   0.042
CAA   0.480
CAC   0.431
CAG   0.394
CCT   0.362
CCA   0.190
CCC   0.816
CCG   0.921
CGT   0.522
CGA   0.825
CGC   0.822
CGG   0.918
GTT   0.559
GTA   0.431
GTC   0.403
GTG   0.447
GAT   0.410
GAA   0.367
GAC   0.309
GAG   0.483
GCT   0.496
GCA   0.303
GCC   0.627
GCG   0.843
GGT   0.412
GGA   0.276
GGC   0.624
GGG   0.822
-------------------------------------------------------------------
         F         L         Y         S         C         W         I         M         N         K         T         R         H         Q         P         V         D         E         A         G         
20
F   0.16268   0.42903   0.62633   0.20222   0.24615   0.41964   0.47566   0.09901   0.63385   0.76204   0.28012   0.32418   0.14783   0.07285   0.42361   0.61454   0.60000   0.58278   0.35231   0.06098
L   0.13436   0.35933   0.39954   0.07125   0.13871   0.18452   0.45789   0.47399   0.68458   0.76810   0.31865   0.45210   0.04861   0.46168   0.23455   0.16423   0.39798   0.33770   0.16440   0.09766
Y   0.51460   0.31856   0.54950   0.22222   0.81383   0.30000   0.41667   0.31944   0.66489   0.74587   0.20588   0.41969   0.10476   0.55975   0.19231   0.24606   0.49444   0.47399   0.03191   0.03145
S   0.35022   0.20430   0.46865   0.56436   0.29588   0.03810   0.16033   0.10556   0.29338   0.52347   0.06980   0.49060   0.35943   0.15858   0.55441   0.20029   0.18750   0.12228   0.09016   0.45533
C   0.55975   0.28383   0.26111   0.12811   0.25893   0.24615   0.16352   0.20635   0.49744   0.33043   0.11154   0.61920   0.22321   0.19540   0.45963   0.42705   0.49007   0.15126   0.12500   0.14778
W   0.73418   0.01143   0.51389   0.45865   0.12245   0.75824   0.48980   0.71429   0.65972   0.20879   0.04396   0.51020   0.30000   0.58571   0.71429   0.24762   0.20635   0.31746   0.67669   0.80000
I   0.08163   0.33102   0.31217   0.08874   0.02143   0.22619   0.56683   0.30000   0.39934   0.78670   0.46055   0.15584   0.14783   0.18750   0.22768   0.40268   0.30556   0.38365   0.30105   0.22161
M   0.33577   0.41148   0.24615   0.34509   0.41964   0.10714   0.35714   0.25532   0.24615   0.27168   0.17619   0.28095   0.48980   0.04082   0.40659   0.09375   0.19540   0.35185   0.23510   0.52976
N   0.83828   0.65742   0.50000   0.32438   0.53333   0.73418   0.48846   0.41667   0.56106   0.52778   0.13871   0.15873   0.09244   0.63584   0.14362   0.46532   0.19880   0.41667   0.25267   0.43072
K   0.84375   0.64382   0.68812   0.40146   0.61111   0.64557   0.43462   0.35185   0.52703   0.50425   0.46739   0.18447   0.74286   0.45556   0.45376   0.40617   0.62857   0.31429   0.44554   0.50543
T   0.29563   0.16015   0.25000   0.19129   0.16105   0.45378   0.43187   0.24060   0.32530   0.61483   0.10644   0.47280   0.28854   0.39306   0.44190   0.17228   0.41241   0.17470   0.49636   0.02750
R   0.41971   0.42740   0.59752   0.53631   0.55418   0.63975   0.12811   0.29464   0.22222   0.11765   0.52953   0.87312   0.80918   0.47468   0.79719   0.33979   0.45253   0.36893   0.50108   0.80274
H   0.53333   0.11919   0.06494   0.22967   0.31944   0.14286   0.26786   0.38571   0.60377   0.14783   0.00493   0.81844   0.22857   0.13534   0.71542   0.09375   0.70408   0.60317   0.23602   0.58029
Q   0.57831   0.55020   0.22857   0.45608   0.22619   0.58000   0.21875   0.60163   0.24096   0.19075   0.09571   0.62694   0.14907   0.22925   0.14625   0.33861   0.14634   0.30000   0.11429   0.21809
P   0.05159   0.08961   0.20325   0.51852   0.35714   0.71429   0.41241   0.57983   0.32979   0.11111   0.42558   0.75588   0.54812   0.24686   0.83607   0.23014   0.48689   0.55109   0.62561   0.43030
V   0.24607   0.31005   0.61518   0.17010   0.11154   0.44762   0.14599   0.39713   0.39318   0.46287   0.06633   0.35644   0.33673   0.05109   0.00315   0.24267   0.17600   0.12979   0.22596   0.37852
D   0.63036   0.26980   0.70833   0.13592   0.51485   0.30000   0.45714   0.22222   0.44907   0.43750   0.02622   0.45850   0.04082   0.20870   0.41964   0.16617   0.17051   0.36271   0.17722   0.01515
E   0.49444   0.18283   0.44371   0.30814   0.42767   0.03448   0.36131   0.22321   0.03012   0.40625   0.15506   0.65699   0.20870   0.17033   0.38839   0.21959   0.36866   0.37397   0.13889   0.11765
A   0.17014   0.06075   0.16892   0.14423   0.06220   0.52041   0.09041   0.37624   0.58416   0.37722   0.25920   0.35010   0.59694   0.02778   0.47750   0.33191   0.00000   0.40449   0.57434   0.46578
G   0.25484   0.33389   0.35385   0.42261   0.20106   0.48413   0.08333   0.09901   0.31429   0.05159   0.02692   0.83312   0.14286   0.02890   0.47674   0.06239   0.02640   0.43729   0.34257   0.62005