64
TTT   0.535
TTA   0.704
TTC   0.227
TTG   0.182
TAT   0.716
TAA   0.328
TAC   0.080
TAG   0.232
TCT   0.442
TCA   0.414
TCC   0.381
TCG   0.487
TGT   0.349
TGA   0.391
TGC   0.607
TGG   0.506
ATT   0.687
ATA   0.780
ATC   0.075
ATG   0.258
AAT   0.782
AAA   0.659
AAC   0.147
AAG   0.148
ACT   0.393
ACA   0.305
ACC   0.564
ACG   0.606
AGT   0.204
AGA   0.444
AGC   0.736
AGG   0.490
CTT   0.272
CTA   0.614
CTC   0.644
CTG   0.712
CAT   0.262
CAA   0.015
CAC   0.593
CAG   0.772
CCT   0.161
CCA   0.022
CCC   0.732
CCG   0.801
CGT   0.591
CGA   0.686
CGC   0.905
CGG   0.898
GTT   0.225
GTA   0.504
GTC   0.561
GTG   0.598
GAT   0.650
GAA   0.421
GAC   0.337
GAG   0.502
GCT   0.205
GCA   0.286
GCC   0.762
GCG   0.716
GGT   0.324
GGA   0.261
GGC   0.832
GGG   0.814
-------------------------------------------------------------------
         F         L         Y         S         C         W         I         M         N         K         T         R         H         Q         P         V         D         E         A         G         
20
F   0.16571   0.34432   0.65116   0.29756   0.19728   0.75893   0.70464   0.28906   0.72196   0.77480   0.09470   0.23207   0.16327   0.41429   0.52431   0.46646   0.65248   0.30769   0.04945   0.18699
L   0.13626   0.16940   0.60902   0.14720   0.07865   0.35119   0.58635   0.52480   0.63673   0.69016   0.08362   0.73364   0.20809   0.07458   0.45166   0.05822   0.54735   0.26879   0.30866   0.44922
Y   0.49621   0.52601   0.73699   0.56078   0.84649   0.23913   0.68182   0.64234   0.84634   0.81220   0.48077   0.17358   0.03670   0.40678   0.53947   0.41707   0.65530   0.54500   0.00000   0.45390
S   0.36422   0.25420   0.61575   0.39709   0.35206   0.91429   0.63126   0.34553   0.52743   0.53547   0.00902   0.55799   0.35231   0.61812   0.51765   0.29107   0.09000   0.06811   0.62623   0.35911
C   0.40678   0.14902   0.08904   0.35231   0.83929   0.26531   0.57097   0.01563   0.43353   0.43796   0.21212   0.66254   0.02679   0.08571   0.49068   0.29386   0.39844   0.38655   0.56614   0.19212
W   0.41667   0.63429   0.57317   0.38346   0.81633   1.00000   0.32877   0.63265   0.10909   0.60440   0.29670   0.62585   0.48571   0.61429   1.00000   0.56190   0.57143   0.57143   0.79699   0.74286
I   0.47453   0.60772   0.52868   0.55962   0.54839   0.23810   0.83286   0.61603   0.78046   0.87739   0.52886   0.42394   0.66323   0.20175   0.29781   0.60386   0.75352   0.79325   0.36277   0.24665
M   0.64314   0.25000   0.60163   0.37947   0.38462   0.51786   0.45806   0.48905   0.78509   0.30769   0.04110   0.09048   0.43878   0.81633   0.50000   0.07306   0.71545   0.57317   0.27483   0.07738
N   0.82624   0.56522   0.61613   0.27924   0.41290   0.76923   0.85684   0.65385   0.79154   0.77071   0.41319   0.32979   0.34615   0.37000   0.36863   0.42959   0.74374   0.72903   0.17647   0.32979
K   0.89614   0.65007   0.86422   0.40000   0.45806   0.56250   0.73077   0.48905   0.73025   0.51923   0.46154   0.00323   0.67016   0.07143   0.17989   0.27586   0.76240   0.42268   0.07738   0.00000
T   0.00365   0.22072   0.30769   0.42348   0.02232   0.31092   0.66255   0.51282   0.35260   0.58929   0.50000   0.50469   0.49407   0.69524   0.72711   0.19683   0.63158   0.10219   0.74818   0.36250
R   0.02837   0.42603   0.01238   0.63128   0.63467   0.60248   0.16617   0.12500   0.09718   0.04110   0.66599   0.82286   0.53865   0.74051   0.74297   0.64789   0.33861   0.70550   0.72354   0.85405
H   0.47399   0.20640   0.59686   0.15707   0.46154   0.78571   0.42268   0.14634   0.56849   0.28467   0.10345   0.59218   0.47857   0.58647   0.49407   0.23645   0.58163   0.49206   0.65839   0.50000
Q   0.45313   0.01754   0.09677   0.06936   0.45238   0.14286   0.26857   0.10909   0.06349   0.08571   0.83212   0.76425   0.43478   0.78261   0.85771   0.88608   0.39048   0.42063   0.78802   0.56463
P   0.42678   0.29532   0.28467   0.51111   0.61905   0.78571   0.52226   0.15966   0.46835   0.34821   0.52201   0.82647   0.54393   0.84937   0.73644   0.45205   0.59176   0.36861   0.86710   0.83333
V   0.28180   0.02147   0.51163   0.20275   0.29004   0.91429   0.40709   0.08029   0.42457   0.53233   0.54726   0.54851   0.34694   0.61538   0.48101   0.42254   0.22943   0.24745   0.64904   0.67958
D   0.52743   0.28049   0.82692   0.27804   0.51000   0.36364   0.84783   0.44000   0.74353   0.62611   0.24855   0.20949   0.07143   0.19780   0.30804   0.02601   0.59590   0.04407   0.33861   0.39394
E   0.60088   0.31075   0.75723   0.00578   0.19780   0.22222   0.53083   0.12500   0.39015   0.36364   0.03659   0.56728   0.09000   0.50000   0.67411   0.09524   0.00913   0.54752   0.45622   0.30476
A   0.54393   0.48590   0.47967   0.57692   0.39796   0.76531   0.22996   0.13492   0.50588   0.26160   0.73466   0.80922   0.62755   0.65238   0.77250   0.59829   0.48918   0.52060   0.85132   0.77567
G   0.21212   0.46477   0.59355   0.52522   0.42328   0.78571   0.43659   0.09890   0.40426   0.08368   0.45745   0.81258   0.23810   0.67262   0.73547   0.57754   0.35254   0.32203   0.87327   0.71108